CareerCluster,CareerRole,RequiredSkills,EducationLevelRequired,AvgSalaryRange,JobOutlook,GrowthPath,LearningResources,EntranceExams,FieldforAdmission,OnlineResourcesLinks,FreeCertifications
STEM,Data Scientist,Python; R; MATLAB; Statistics; Research; Problem Solving,Post-graduation,13-40 LPA,Very High,Entry Level > Data Scientist > Senior Data Scientist > Lead > Manager,Khan Academy; MIT OpenCourseWare; Coursera Science; edX Engineering; Research Papers,Competitive Exams; Interviews,Relevant Bachelor/Master Degree,https://khanacademy.org; https://mit.edu/courses; https://coursera.org/science; https://edx.org/engineering; https://arxiv.org,IBM Data Science; Google Analytics; Microsoft Excel; Coursera Data Analysis; edX Statistics
STEM,Machine Learning Engineer,Python; R; MATLAB; Statistics; Research; Machine Learning,Graduation,7-25 LPA,Very High,Entry Level > Machine Learning Engineer > Senior Machine Learning Engineer > Lead > Manager,Khan Academy; MIT OpenCourseWare; Coursera Science; edX Engineering; Research Papers,JEE Main; JEE Advanced; State CET,B.Tech/B.E in relevant field,https://khanacademy.org; https://mit.edu/courses; https://coursera.org/science; https://edx.org/engineering; https://arxiv.org,IBM Data Science; Google Analytics; Microsoft Excel; Coursera Data Analysis; edX Statistics
STEM,Research Scientist,Python; R; MATLAB; Statistics; Research; Technical Writing,Post-graduation,13-40 LPA,Very High,Entry Level > Research Scientist > Senior Research Scientist > Lead > Manager,Khan Academy; MIT OpenCourseWare; Coursera Science; edX Engineering; Research Papers,Competitive Exams; Interviews,Relevant Bachelor/Master Degree,https://khanacademy.org; https://mit.edu/courses; https://coursera.org/science; https://edx.org/engineering; https://arxiv.org,IBM Data Science; Google Analytics; Microsoft Excel; Coursera Data Analysis; edX Statistics
STEM,Biomedical Engineer,Python; R; MATLAB; Statistics; Research; Quality Control,Graduation,7-25 LPA,High,Entry Level > Biomedical Engineer > Senior Biomedical Engineer > Lead > Manager,Khan Academy; MIT OpenCourseWare; Coursera Science; edX Engineering; Research Papers,JEE Main; JEE Advanced; State CET,B.Tech/B.E in relevant field,https://khanacademy.org; https://mit.edu/courses; https://coursera.org/science; https://edx.org/engineering; https://arxiv.org,IBM Data Science; Google Analytics; Microsoft Excel; Coursera Data Analysis; edX Statistics
STEM,Chemical Engineer,Python; R; MATLAB; Statistics; Research; Quality Control,Graduation,7-25 LPA,High,Entry Level > Chemical Engineer > Senior Chemical Engineer > Lead > Manager,Khan Academy; MIT OpenCourseWare; Coursera Science; edX Engineering; Research Papers,JEE Main; JEE Advanced; State CET,B.Tech/B.E in relevant field,https://khanacademy.org; https://mit.edu/courses; https://coursera.org/science; https://edx.org/engineering; https://arxiv.org,IBM Data Science; Google Analytics; Microsoft Excel; Coursera Data Analysis; edX Statistics
STEM,Civil Engineer,Python; R; MATLAB; Statistics; Research; Project Management,Graduation,7-25 LPA,High,Entry Level > Civil Engineer > Senior Civil Engineer > Lead > Manager,Khan Academy; MIT OpenCourseWare; Coursera Science; edX Engineering; Research Papers,JEE Main; JEE Advanced; State CET,B.Tech/B.E in relevant field,https://khanacademy.org; https://mit.edu/courses; https://coursera.org/science; https://edx.org/engineering; https://arxiv.org,IBM Data Science; Google Analytics; Microsoft Excel; Coursera Data Analysis; edX Statistics
STEM,Mechanical Engineer,Python; R; MATLAB; Statistics; Research; AutoCAD,Graduation,7-25 LPA,Very High,Entry Level > Mechanical Engineer > Senior Mechanical Engineer > Lead > Manager,Khan Academy; MIT OpenCourseWare; Coursera Science; edX Engineering; Research Papers,JEE Main; JEE Advanced; State CET,B.Tech/B.E in relevant field,https://khanacademy.org; https://mit.edu/courses; https://coursera.org/science; https://edx.org/engineering; https://arxiv.org,IBM Data Science; Google Analytics; Microsoft Excel; Coursera Data Analysis; edX Statistics
STEM,Electrical Engineer,Python; R; MATLAB; Statistics; Research; SolidWorks,Graduation,7-25 LPA,Very High,Entry Level > Electrical Engineer > Senior Electrical Engineer > Lead > Manager,Khan Academy; MIT OpenCourseWare; Coursera Science; edX Engineering; Research Papers,JEE Main; JEE Advanced; State CET,B.Tech/B.E in relevant field,https://khanacademy.org; https://mit.edu/courses; https://coursera.org/science; https://edx.org/engineering; https://arxiv.org,IBM Data Science; Google Analytics; Microsoft Excel; Coursera Data Analysis; edX Statistics
STEM,Environmental Scientist,Python; R; MATLAB; Statistics; Research; Data Analysis,Post-graduation,13-40 LPA,High,Entry Level > Environmental Scientist > Senior Environmental Scientist > Lead > Manager,Khan Academy; MIT OpenCourseWare; Coursera Science; edX Engineering; Research Papers,Competitive Exams; Interviews,Relevant Bachelor/Master Degree,https://khanacademy.org; https://mit.edu/courses; https://coursera.org/science; https://edx.org/engineering; https://arxiv.org,IBM Data Science; Google Analytics; Microsoft Excel; Coursera Data Analysis; edX Statistics
STEM,Physicist,Python; R; MATLAB; Statistics; Research; Technical Writing,Post-graduation,13-40 LPA,High,Entry Level > Physicist > Senior Physicist > Lead > Manager,Khan Academy; MIT OpenCourseWare; Coursera Science; edX Engineering; Research Papers,Competitive Exams; Interviews,Relevant Bachelor/Master Degree,https://khanacademy.org; https://mit.edu/courses; https://coursera.org/science; https://edx.org/engineering; https://arxiv.org,IBM Data Science; Google Analytics; Microsoft Excel; Coursera Data Analysis; edX Statistics
STEM,Mathematician,Python; R; MATLAB; Statistics; Research; Data Analysis,Post-graduation,13-40 LPA,Medium,Entry Level > Mathematician > Senior Mathematician > Lead > Manager,Khan Academy; MIT OpenCourseWare; Coursera Science; edX Engineering; Research Papers,Competitive Exams; Interviews,Relevant Bachelor/Master Degree,https://khanacademy.org; https://mit.edu/courses; https://coursera.org/science; https://edx.org/engineering; https://arxiv.org,IBM Data Science; Google Analytics; Microsoft Excel; Coursera Data Analysis; edX Statistics
STEM,Statistician,Python; R; MATLAB; Statistics; Research; Data Analysis,Graduation,7-25 LPA,High,Entry Level > Statistician > Senior Statistician > Lead > Manager,Khan Academy; MIT OpenCourseWare; Coursera Science; edX Engineering; Research Papers,Competitive Exams; Interviews,Relevant Bachelor/Master Degree,https://khanacademy.org; https://mit.edu/courses; https://coursera.org/science; https://edx.org/engineering; https://arxiv.org,IBM Data Science; Google Analytics; Microsoft Excel; Coursera Data Analysis; edX Statistics
STEM,Actuary,Python; R; MATLAB; Statistics; Research; Technical Writing,Graduation,7-25 LPA,High,Entry Level > Actuary > Senior Actuary > Lead > Manager,Khan Academy; MIT OpenCourseWare; Coursera Science; edX Engineering; Research Papers,Competitive Exams; Interviews,Relevant Bachelor/Master Degree,https://khanacademy.org; https://mit.edu/courses; https://coursera.org/science; https://edx.org/engineering; https://arxiv.org,IBM Data Science; Google Analytics; Microsoft Excel; Coursera Data Analysis; edX Statistics
STEM,Materials Engineer,Python; R; MATLAB; Statistics; Research; SolidWorks,Graduation,7-25 LPA,High,Entry Level > Materials Engineer > Senior Materials Engineer > Lead > Manager,Khan Academy; MIT OpenCourseWare; Coursera Science; edX Engineering; Research Papers,JEE Main; JEE Advanced; State CET,B.Tech/B.E in relevant field,https://khanacademy.org; https://mit.edu/courses; https://coursera.org/science; https://edx.org/engineering; https://arxiv.org,IBM Data Science; Google Analytics; Microsoft Excel; Coursera Data Analysis; edX Statistics
STEM,Nuclear Engineer,Python; R; MATLAB; Statistics; Research; Project Management,Graduation,7-25 LPA,Medium,Entry Level > Nuclear Engineer > Senior Nuclear Engineer > Lead > Manager,Khan Academy; MIT OpenCourseWare; Coursera Science; edX Engineering; Research Papers,JEE Main; JEE Advanced; State CET,B.Tech/B.E in relevant field,https://khanacademy.org; https://mit.edu/courses; https://coursera.org/science; https://edx.org/engineering; https://arxiv.org,IBM Data Science; Google Analytics; Microsoft Excel; Coursera Data Analysis; edX Statistics
STEM,Aerospace Engineer,Python; R; MATLAB; Statistics; Research; AutoCAD,Graduation,7-25 LPA,High,Entry Level > Aerospace Engineer > Senior Aerospace Engineer > Lead > Manager,Khan Academy; MIT OpenCourseWare; Coursera Science; edX Engineering; Research Papers,JEE Main; JEE Advanced; State CET,B.Tech/B.E in relevant field,https://khanacademy.org; https://mit.edu/courses; https://coursera.org/science; https://edx.org/engineering; https://arxiv.org,IBM Data Science; Google Analytics; Microsoft Excel; Coursera Data Analysis; edX Statistics
STEM,Petroleum Engineer,Python; R; MATLAB; Statistics; Research; Quality Control,Graduation,7-25 LPA,Medium,Entry Level > Petroleum Engineer > Senior Petroleum Engineer > Lead > Manager,Khan Academy; MIT OpenCourseWare; Coursera Science; edX Engineering; Research Papers,JEE Main; JEE Advanced; State CET,B.Tech/B.E in relevant field,https://khanacademy.org; https://mit.edu/courses; https://coursera.org/science; https://edx.org/engineering; https://arxiv.org,IBM Data Science; Google Analytics; Microsoft Excel; Coursera Data Analysis; edX Statistics
STEM,Mining Engineer,Python; R; MATLAB; Statistics; Research; SolidWorks,Graduation,7-25 LPA,Medium,Entry Level > Mining Engineer > Senior Mining Engineer > Lead > Manager,Khan Academy; MIT OpenCourseWare; Coursera Science; edX Engineering; Research Papers,JEE Main; JEE Advanced; State CET,B.Tech/B.E in relevant field,https://khanacademy.org; https://mit.edu/courses; https://coursera.org/science; https://edx.org/engineering; https://arxiv.org,IBM Data Science; Google Analytics; Microsoft Excel; Coursera Data Analysis; edX Statistics
STEM,Agricultural Engineer,Python; R; MATLAB; Statistics; Research; Project Management,Graduation,7-25 LPA,High,Entry Level > Agricultural Engineer > Senior Agricultural Engineer > Lead > Manager,Khan Academy; MIT OpenCourseWare; Coursera Science; edX Engineering; Research Papers,JEE Main; JEE Advanced; State CET,B.Tech/B.E in relevant field,https://khanacademy.org; https://mit.edu/courses; https://coursera.org/science; https://edx.org/engineering; https://arxiv.org,IBM Data Science; Google Analytics; Microsoft Excel; Coursera Data Analysis; edX Statistics
STEM,Food Technologist,Python; R; MATLAB; Statistics; Research; Data Analysis,Graduation,7-25 LPA,High,Entry Level > Food Technologist > Senior Food Technologist > Lead > Manager,Khan Academy; MIT OpenCourseWare; Coursera Science; edX Engineering; Research Papers,Competitive Exams; Interviews,Relevant Bachelor/Master Degree,https://khanacademy.org; https://mit.edu/courses; https://coursera.org/science; https://edx.org/engineering; https://arxiv.org,IBM Data Science; Google Analytics; Microsoft Excel; Coursera Data Analysis; edX Statistics
STEM,Biotechnologist,Python; R; MATLAB; Statistics; Research; Technical Writing,Post-graduation,13-40 LPA,Very High,Entry Level > Biotechnologist > Senior Biotechnologist > Lead > Manager,Khan Academy; MIT OpenCourseWare; Coursera Science; edX Engineering; Research Papers,Competitive Exams; Interviews,Relevant Bachelor/Master Degree,https://khanacademy.org; https://mit.edu/courses; https://coursera.org/science; https://edx.org/engineering; https://arxiv.org,IBM Data Science; Google Analytics; Microsoft Excel; Coursera Data Analysis; edX Statistics
STEM,Nanotechnologist,Python; R; MATLAB; Statistics; Research; Data Analysis,Post-graduation,13-40 LPA,High,Entry Level > Nanotechnologist > Senior Nanotechnologist > Lead > Manager,Khan Academy; MIT OpenCourseWare; Coursera Science; edX Engineering; Research Papers,Competitive Exams; Interviews,Relevant Bachelor/Master Degree,https://khanacademy.org; https://mit.edu/courses; https://coursera.org/science; https://edx.org/engineering; https://arxiv.org,IBM Data Science; Google Analytics; Microsoft Excel; Coursera Data Analysis; edX Statistics
STEM,Robotics Engineer,Python; R; MATLAB; Statistics; Research; AutoCAD,Graduation,7-25 LPA,Very High,Entry Level > Robotics Engineer > Senior Robotics Engineer > Lead > Manager,Khan Academy; MIT OpenCourseWare; Coursera Science; edX Engineering; Research Papers,JEE Main; JEE Advanced; State CET,B.Tech/B.E in relevant field,https://khanacademy.org; https://mit.edu/courses; https://coursera.org/science; https://edx.org/engineering; https://arxiv.org,IBM Data Science; Google Analytics; Microsoft Excel; Coursera Data Analysis; edX Statistics
STEM,Systems Engineer,Python; R; MATLAB; Statistics; Research; SolidWorks,Graduation,7-25 LPA,High,Entry Level > Systems Engineer > Senior Systems Engineer > Lead > Manager,Khan Academy; MIT OpenCourseWare; Coursera Science; edX Engineering; Research Papers,JEE Main; JEE Advanced; State CET,B.Tech/B.E in relevant field,https://khanacademy.org; https://mit.edu/courses; https://coursera.org/science; https://edx.org/engineering; https://arxiv.org,IBM Data Science; Google Analytics; Microsoft Excel; Coursera Data Analysis; edX Statistics
STEM,Quality Assurance Engineer,Python; R; MATLAB; Statistics; Research; Quality Control,Graduation,7-25 LPA,High,Entry Level > Quality Assurance Engineer > Senior Quality Assurance Engineer > Lead > Manager,Khan Academy; MIT OpenCourseWare; Coursera Science; edX Engineering; Research Papers,JEE Main; JEE Advanced; State CET,B.Tech/B.E in relevant field,https://khanacademy.org; https://mit.edu/courses; https://coursera.org/science; https://edx.org/engineering; https://arxiv.org,IBM Data Science; Google Analytics; Microsoft Excel; Coursera Data Analysis; edX Statistics
IT,Software Developer,Programming; Problem Solving; Debugging; Version Control; JavaScript; HTML/CSS,Graduation,7-25 LPA,Very High,Junior Software Developer > Software Developer > Senior Software Developer > Team Lead > Engineering Manager,Coursera Tech Courses; Udemy Programming; GitHub Projects; Stack Overflow; LeetCode,Programming Tests; Technical Interviews,B.Tech CS/IT; BCA; MCA,https://github.com; https://stackoverflow.com; https://leetcode.com; https://codecademy.com; https://freecodecamp.org,Google IT Support; IBM Data Science; Microsoft Azure Fundamentals; AWS Cloud Practitioner; Google Cloud Basics
IT,Web Developer,Programming; Problem Solving; Debugging; Version Control; JavaScript; React,Graduation,7-25 LPA,Very High,Junior Web Developer > Web Developer > Senior Web Developer > Team Lead > Engineering Manager,Coursera Tech Courses; Udemy Programming; GitHub Projects; Stack Overflow; LeetCode,Programming Tests; Technical Interviews,B.Tech CS/IT; BCA; MCA,https://github.com; https://stackoverflow.com; https://leetcode.com; https://codecademy.com; https://freecodecamp.org,Google IT Support; IBM Data Science; Microsoft Azure Fundamentals; AWS Cloud Practitioner; Google Cloud Basics
IT,Mobile App Developer,Programming; Problem Solving; Debugging; Version Control; JavaScript; Node.js,Graduation,7-25 LPA,High,Junior Mobile App Developer > Mobile App Developer > Senior Mobile App Developer > Team Lead > Engineering Manager,Coursera Tech Courses; Udemy Programming; GitHub Projects; Stack Overflow; LeetCode,Programming Tests; Technical Interviews,B.Tech CS/IT; BCA; MCA,https://github.com; https://stackoverflow.com; https://leetcode.com; https://codecademy.com; https://freecodecamp.org,Google IT Support; IBM Data Science; Microsoft Azure Fundamentals; AWS Cloud Practitioner; Google Cloud Basics
IT,DevOps Engineer,Programming; Problem Solving; Debugging; Version Control; System Administration; Cloud Computing,Graduation,7-25 LPA,Very High,Junior DevOps Engineer > DevOps Engineer > Senior DevOps Engineer > Team Lead > Engineering Manager,Coursera Tech Courses; Udemy Programming; GitHub Projects; Stack Overflow; LeetCode,Programming Tests; Technical Interviews,B.Tech CS/IT; BCA; MCA,https://github.com; https://stackoverflow.com; https://leetcode.com; https://codecademy.com; https://freecodecamp.org,Google IT Support; IBM Data Science; Microsoft Azure Fundamentals; AWS Cloud Practitioner; Google Cloud Basics
IT,Cloud Architect,Programming; Problem Solving; Debugging; Version Control; System Administration; Database Management,Post-graduation,10-35 LPA,Very High,Junior Cloud Architect > Cloud Architect > Senior Cloud Architect > Team Lead > Engineering Manager,Coursera Tech Courses; Udemy Programming; GitHub Projects; Stack Overflow; LeetCode,Programming Tests; Technical Interviews,B.Tech CS/IT; BCA; MCA,https://github.com; https://stackoverflow.com; https://leetcode.com; https://codecademy.com; https://freecodecamp.org,Google IT Support; IBM Data Science; Microsoft Azure Fundamentals; AWS Cloud Practitioner; Google Cloud Basics
IT,Cybersecurity Analyst,Programming; Problem Solving; Debugging; Version Control; Network Security; Penetration Testing,Graduation,7-25 LPA,Very High,Junior Cybersecurity Analyst > Cybersecurity Analyst > Senior Cybersecurity Analyst > Team Lead > Engineering Manager,Coursera Tech Courses; Udemy Programming; GitHub Projects; Stack Overflow; LeetCode,Programming Tests; Technical Interviews,B.Tech CS/IT; BCA; MCA,https://github.com; https://stackoverflow.com; https://leetcode.com; https://codecademy.com; https://freecodecamp.org,Google IT Support; IBM Data Science; Microsoft Azure Fundamentals; AWS Cloud Practitioner; Google Cloud Basics
IT,Database Administrator,Programming; Problem Solving; Debugging; Version Control; System Administration; Database Management,Graduation,7-25 LPA,High,Junior Database Administrator > Database Administrator > Senior Database Administrator > Team Lead > Engineering Manager,Coursera Tech Courses; Udemy Programming; GitHub Projects; Stack Overflow; LeetCode,Programming Tests; Technical Interviews,B.Tech CS/IT; BCA; MCA,https://github.com; https://stackoverflow.com; https://leetcode.com; https://codecademy.com; https://freecodecamp.org,Google IT Support; IBM Data Science; Microsoft Azure Fundamentals; AWS Cloud Practitioner; Google Cloud Basics
IT,Network Administrator,Programming; Problem Solving; Debugging; Version Control; System Administration; Cloud Computing,Graduation,7-25 LPA,High,Junior Network Administrator > Network Administrator > Senior Network Administrator > Team Lead > Engineering Manager,Coursera Tech Courses; Udemy Programming; GitHub Projects; Stack Overflow; LeetCode,Programming Tests; Technical Interviews,B.Tech CS/IT; BCA; MCA,https://github.com; https://stackoverflow.com; https://leetcode.com; https://codecademy.com; https://freecodecamp.org,Google IT Support; IBM Data Science; Microsoft Azure Fundamentals; AWS Cloud Practitioner; Google Cloud Basics
IT,IT Project Manager,Programming; Problem Solving; Debugging; Version Control; System Administration; Database Management,Post-graduation,10-35 LPA,High,Junior IT Project Manager > IT Project Manager > Senior IT Project Manager > Team Lead > Engineering Manager,Coursera Tech Courses; Udemy Programming; GitHub Projects; Stack Overflow; LeetCode,Programming Tests; Technical Interviews,B.Tech CS/IT; BCA; MCA,https://github.com; https://stackoverflow.com; https://leetcode.com; https://codecademy.com; https://freecodecamp.org,Google IT Support; IBM Data Science; Microsoft Azure Fundamentals; AWS Cloud Practitioner; Google Cloud Basics
IT,Systems Analyst,Programming; Problem Solving; Debugging; Version Control; System Administration; Cloud Computing,Graduation,7-25 LPA,High,Junior Systems Analyst > Systems Analyst > Senior Systems Analyst > Team Lead > Engineering Manager,Coursera Tech Courses; Udemy Programming; GitHub Projects; Stack Overflow; LeetCode,Programming Tests; Technical Interviews,B.Tech CS/IT; BCA; MCA,https://github.com; https://stackoverflow.com; https://leetcode.com; https://codecademy.com; https://freecodecamp.org,Google IT Support; IBM Data Science; Microsoft Azure Fundamentals; AWS Cloud Practitioner; Google Cloud Basics
IT,UI/UX Designer,Programming; Problem Solving; Debugging; Version Control; JavaScript; HTML/CSS,Graduation,7-25 LPA,High,Junior UI/UX Designer > UI/UX Designer > Senior UI/UX Designer > Team Lead > Engineering Manager,Coursera Tech Courses; Udemy Programming; GitHub Projects; Stack Overflow; LeetCode,Programming Tests; Technical Interviews,B.Tech CS/IT; BCA; MCA,https://github.com; https://stackoverflow.com; https://leetcode.com; https://codecademy.com; https://freecodecamp.org,Google IT Support; IBM Data Science; Microsoft Azure Fundamentals; AWS Cloud Practitioner; Google Cloud Basics
IT,Game Developer,Programming; Problem Solving; Debugging; Version Control; JavaScript; React,Graduation,7-25 LPA,Medium,Junior Game Developer > Game Developer > Senior Game Developer > Team Lead > Engineering Manager,Coursera Tech Courses; Udemy Programming; GitHub Projects; Stack Overflow; LeetCode,Programming Tests; Technical Interviews,B.Tech CS/IT; BCA; MCA,https://github.com; https://stackoverflow.com; https://leetcode.com; https://codecademy.com; https://freecodecamp.org,Google IT Support; IBM Data Science; Microsoft Azure Fundamentals; AWS Cloud Practitioner; Google Cloud Basics
IT,Blockchain Developer,Programming; Problem Solving; Debugging; Version Control; JavaScript; Node.js,Graduation,7-25 LPA,High,Junior Blockchain Developer > Blockchain Developer > Senior Blockchain Developer > Team Lead > Engineering Manager,Coursera Tech Courses; Udemy Programming; GitHub Projects; Stack Overflow; LeetCode,Programming Tests; Technical Interviews,B.Tech CS/IT; BCA; MCA,https://github.com; https://stackoverflow.com; https://leetcode.com; https://codecademy.com; https://freecodecamp.org,Google IT Support; IBM Data Science; Microsoft Azure Fundamentals; AWS Cloud Practitioner; Google Cloud Basics
IT,AI Engineer,Programming; Problem Solving; Debugging; Version Control; JavaScript; Git,Post-graduation,10-35 LPA,Very High,Junior AI Engineer > AI Engineer > Senior AI Engineer > Team Lead > Engineering Manager,Coursera Tech Courses; Udemy Programming; GitHub Projects; Stack Overflow; LeetCode,Programming Tests; Technical Interviews,B.Tech CS/IT; BCA; MCA,https://github.com; https://stackoverflow.com; https://leetcode.com; https://codecademy.com; https://freecodecamp.org,Google IT Support; IBM Data Science; Microsoft Azure Fundamentals; AWS Cloud Practitioner; Google Cloud Basics
IT,Full Stack Developer,Programming; Problem Solving; Debugging; Version Control; JavaScript; HTML/CSS,Graduation,7-25 LPA,Very High,Junior Full Stack Developer > Full Stack Developer > Senior Full Stack Developer > Team Lead > Engineering Manager,Coursera Tech Courses; Udemy Programming; GitHub Projects; Stack Overflow; LeetCode,Programming Tests; Technical Interviews,B.Tech CS/IT; BCA; MCA,https://github.com; https://stackoverflow.com; https://leetcode.com; https://codecademy.com; https://freecodecamp.org,Google IT Support; IBM Data Science; Microsoft Azure Fundamentals; AWS Cloud Practitioner; Google Cloud Basics
IT,Frontend Developer,Programming; Problem Solving; Debugging; Version Control; JavaScript; React,Graduation,7-25 LPA,High,Junior Frontend Developer > Frontend Developer > Senior Frontend Developer > Team Lead > Engineering Manager,Coursera Tech Courses; Udemy Programming; GitHub Projects; Stack Overflow; LeetCode,Programming Tests; Technical Interviews,B.Tech CS/IT; BCA; MCA,https://github.com; https://stackoverflow.com; https://leetcode.com; https://codecademy.com; https://freecodecamp.org,Google IT Support; IBM Data Science; Microsoft Azure Fundamentals; AWS Cloud Practitioner; Google Cloud Basics
IT,Backend Developer,Programming; Problem Solving; Debugging; Version Control; JavaScript; Node.js,Graduation,7-25 LPA,Very High,Junior Backend Developer > Backend Developer > Senior Backend Developer > Team Lead > Engineering Manager,Coursera Tech Courses; Udemy Programming; GitHub Projects; Stack Overflow; LeetCode,Programming Tests; Technical Interviews,B.Tech CS/IT; BCA; MCA,https://github.com; https://stackoverflow.com; https://stackoverflow.com; https://leetcode.com; https://codecademy.com; https://freecodecamp.org,Google IT Support; IBM Data Science; Microsoft Azure Fundamentals; AWS Cloud Practitioner; Google Cloud Basics
IT,Security Engineer,Programming; Problem Solving; Debugging; Version Control; Network Security; Risk Assessment,Graduation,7-25 LPA,Very High,Junior Security Engineer > Security Engineer > Senior Security Engineer > Team Lead > Engineering Manager,Coursera Tech Courses; Udemy Programming; GitHub Projects; Stack Overflow; LeetCode,Programming Tests; Technical Interviews,B.Tech CS/IT; BCA; MCA,https://github.com; https://stackoverflow.com; https://leetcode.com; https://codecademy.com; https://freecodecamp.org,Google IT Support; IBM Data Science; Microsoft Azure Fundamentals; AWS Cloud Practitioner; Google Cloud Basics
IT,Site Reliability Engineer,Programming; Problem Solving; Debugging; Version Control; System Administration; Cloud Computing,Post-graduation,10-35 LPA,High,Junior Site Reliability Engineer > Site Reliability Engineer > Senior Site Reliability Engineer > Team Lead > Engineering Manager,Coursera Tech Courses; Udemy Programming; GitHub Projects; Stack Overflow; LeetCode,Programming Tests; Technical Interviews,B.Tech CS/IT; BCA; MCA,https://github.com; https://stackoverflow.com; https://leetcode.com; https://codecademy.com; https://freecodecamp.org,Google IT Support; IBM Data Science; Microsoft Azure Fundamentals; AWS Cloud Practitioner; Google Cloud Basics
IT,Technical Writer,Programming; Problem Solving; Debugging; Version Control; System Administration; Database Management,Graduation,7-25 LPA,Medium,Junior Technical Writer > Technical Writer > Senior Technical Writer > Team Lead > Engineering Manager,Coursera Tech Courses; Udemy Programming; GitHub Projects; Stack Overflow; LeetCode,Programming Tests; Technical Interviews,B.Tech CS/IT; BCA; MCA,https://github.com; https://stackoverflow.com; https://leetcode.com; https://codecademy.com; https://freecodecamp.org,Google IT Support; IBM Data Science; Microsoft Azure Fundamentals; AWS Cloud Practitioner; Google Cloud Basics
IT,Software Tester,Programming; Problem Solving; Debugging; Version Control; System Administration; Cloud Computing,Graduation,7-25 LPA,High,Junior Software Tester > Software Tester > Senior Software Tester > Team Lead > Engineering Manager,Coursera Tech Courses; Udemy Programming; GitHub Projects; Stack Overflow; LeetCode,Programming Tests; Technical Interviews,B.Tech CS/IT; BCA; MCA,https://github.com; https://stackoverflow.com; https://leetcode.com; https://codecademy.com; https://freecodecamp.org,Google IT Support; IBM Data Science; Microsoft Azure Fundamentals; AWS Cloud Practitioner; Google Cloud Basics
IT,Business Intelligence Analyst,Programming; Problem Solving; Debugging; Version Control; System Administration; Database Management,Graduation,7-25 LPA,High,Junior Business Intelligence Analyst > Business Intelligence Analyst > Senior Business Intelligence Analyst > Team Lead > Engineering Manager,Coursera Tech Courses; Udemy Programming; GitHub Projects; Stack Overflow; LeetCode,Programming Tests; Technical Interviews,B.Tech CS/IT; BCA; MCA,https://github.com; https://stackoverflow.com; https://leetcode.com; https://codecademy.com; https://freecodecamp.org,Google IT Support; IBM Data Science; Microsoft Azure Fundamentals; AWS Cloud Practitioner; Google Cloud Basics
IT,Data Engineer,Programming; Problem Solving; Debugging; Version Control; System Administration; Cloud Computing,Graduation,7-25 LPA,Very High,Junior Data Engineer > Data Engineer > Senior Data Engineer > Team Lead > Engineering Manager,Coursera Tech Courses; Udemy Programming; GitHub Projects; Stack Overflow; LeetCode,Programming Tests; Technical Interviews,B.Tech CS/IT; BCA; MCA,https://github.com; https://stackoverflow.com; https://leetcode.com; https://codecademy.com; https://freecodecamp.org,Google IT Support; IBM Data Science; Microsoft Azure Fundamentals; AWS Cloud Practitioner; Google Cloud Basics
IT,Platform Engineer,Programming; Problem Solving; Debugging; Version Control; System Administration; Database Management,Post-graduation,10-35 LPA,High,Junior Platform Engineer > Platform Engineer > Senior Platform Engineer > Team Lead > Engineering Manager,Coursera Tech Courses; Udemy Programming; GitHub Projects; Stack Overflow; LeetCode,Programming Tests; Technical Interviews,B.Tech CS/IT; BCA; MCA,https://github.com; https://stackoverflow.com; https://leetcode.com; https://codecademy.com; https://freecodecamp.org,Google IT Support; IBM Data Science; Microsoft Azure Fundamentals; AWS Cloud Practitioner; Google Cloud Basics
IT,Infrastructure Engineer,Programming; Problem Solving; Debugging; Version Control; System Administration; Cloud Computing,Graduation,7-25 LPA,High,Junior Infrastructure Engineer > Infrastructure Engineer > Senior Infrastructure Engineer > Team Lead > Engineering Manager,Coursera Tech Courses; Udemy Programming; GitHub Projects; Stack Overflow; LeetCode,Programming Tests; Technical Interviews,B.Tech CS/IT; BCA; MCA,https://github.com; https://stackoverflow.com; https://leetcode.com; https://codecademy.com; https://freecodecamp.org,Google IT Support; IBM Data Science; Microsoft Azure Fundamentals; AWS Cloud Practitioner; Google Cloud Basics
Business,Business Analyst,Communication; Leadership; Strategic Planning; Excel; Presentation Skills; Team Management,Graduation,7-15 LPA,High,Associate > Business Analyst > Senior Business Analyst > Manager > Director,LinkedIn Learning Business Analysis; Udemy Power BI; Coursera Business; MBA Case Studies; Industry Reports,Competitive Exams; Interviews,Relevant Bachelor/Master Degree,https://linkedin.com/learning; https://hbr.org; https://coursera.org/business; https://case.hbs.edu; https://mckinsey.com/insights,Google Analytics; HubSpot Marketing; Salesforce Trailhead; LinkedIn Marketing; Facebook Blueprint
Business,Management Consultant,Communication; Leadership; Strategic Planning; Excel; Presentation Skills; Team Management,Post-graduation,10-25 LPA,High,Associate > Management Consultant > Senior Management Consultant > Manager > Director,LinkedIn Learning Business Analysis; Udemy Power BI; Coursera Business; MBA Case Studies; Industry Reports,Competitive Exams; Interviews,Relevant Bachelor/Master Degree,https://linkedin.com/learning; https://hbr.org; https://coursera.org/business; https://case.hbs.edu; https://mckinsey.com/insights,Google Analytics; HubSpot Marketing; Salesforce Trailhead; LinkedIn Marketing; Facebook Blueprint
Business,Marketing Manager,Communication; Leadership; Strategic Planning; Excel; Digital Marketing; SEO,Graduation,7-15 LPA,Medium,Associate > Marketing Manager > Senior Marketing Manager > Manager > Director,LinkedIn Learning Business Analysis; Udemy Power BI; Coursera Business; MBA Case Studies; Industry Reports,Competitive Exams; Interviews,Relevant Bachelor/Master Degree,https://linkedin.com/learning; https://hbr.org; https://coursera.org/business; https://case.hbs.edu; https://mckinsey.com/insights,Google Analytics; HubSpot Marketing; Salesforce Trailhead; LinkedIn Marketing; Facebook Blueprint
Business,Sales Manager,Communication; Leadership; Strategic Planning; Excel; Presentation Skills; Team Management,Graduation,7-15 LPA,High,Associate > Sales Manager > Senior Sales Manager > Manager > Director,LinkedIn Learning Business Analysis; Udemy Power BI; Coursera Business; MBA Case Studies; Industry Reports,Competitive Exams; Interviews,Relevant Bachelor/Master Degree,https://linkedin.com/learning; https://hbr.org; https://coursera.org/business; https://case.hbs.edu; https://mckinsey.com/insights,Google Analytics; HubSpot Marketing; Salesforce Trailhead; LinkedIn Marketing; Facebook Blueprint
Business,Operations Manager,Communication; Leadership; Strategic Planning; Excel; Presentation Skills; Team Management,Post-graduation,10-25 LPA,High,Associate > Operations Manager > Senior Operations Manager > Manager > Director,LinkedIn Learning Business Analysis; Udemy Power BI; Coursera Business; MBA Case Studies; Industry Reports,Competitive Exams; Interviews,Relevant Bachelor/Master Degree,https://linkedin.com/learning; https://hbr.org; https://coursera.org/business; https://case.hbs.edu; https://mckinsey.com/insights,Google Analytics; HubSpot Marketing; Salesforce Trailhead; LinkedIn Marketing; Facebook Blueprint
Business,Project Manager,Communication; Leadership; Strategic Planning; Excel; Presentation Skills; Team Management,Graduation,7-15 LPA,High,Associate > Project Manager > Senior Project Manager > Manager > Director,LinkedIn Learning Business Analysis; Udemy Power BI; Coursera Business; MBA Case Studies; Industry Reports,Competitive Exams; Interviews,Relevant Bachelor/Master Degree,https://linkedin.com/learning; https://hbr.org; https://coursera.org/business; https://case.hbs.edu; https://mckinsey.com/insights,Google Analytics; HubSpot Marketing; Salesforce Trailhead; LinkedIn Marketing; Facebook Blueprint
Business,Product Manager,Communication; Leadership; Strategic Planning; Excel; Presentation Skills; Team Management,Post-graduation,10-25 LPA,Very High,Associate > Product Manager > Senior Product Manager > Manager > Director,LinkedIn Learning Business Analysis; Udemy Power BI; Coursera Business; MBA Case Studies; Industry Reports,Competitive Exams; Interviews,Relevant Bachelor/Master Degree,https://linkedin.com/learning; https://hbr.org; https://coursera.org/business; https://case.hbs.edu; https://mckinsey.com/insights,Google Analytics; HubSpot Marketing; Salesforce Trailhead; LinkedIn Marketing; Facebook Blueprint
Business,Financial Analyst,Communication; Leadership; Strategic Planning; Excel; Financial Analysis; Budgeting,Graduation,7-15 LPA,High,Associate > Financial Analyst > Senior Financial Analyst > Manager > Director,LinkedIn Learning Business Analysis; Udemy Power BI; Coursera Business; MBA Case Studies; Industry Reports,Competitive Exams; Interviews,Relevant Bachelor/Master Degree,https://linkedin.com/learning; https://hbr.org; https://coursera.org/business; https://case.hbs.edu; https://mckinsey.com/insights,Google Analytics; HubSpot Marketing; Salesforce Trailhead; LinkedIn Marketing; Facebook Blueprint
Business,Investment Banker,Communication; Leadership; Strategic Planning; Excel; Financial Analysis; Forecasting,Post-graduation,10-25 LPA,Medium,Associate > Investment Banker > Senior Investment Banker > Manager > Director,LinkedIn Learning Business Analysis; Udemy Power BI; Coursera Business; MBA Case Studies; Industry Reports,Competitive Exams; Interviews,Relevant Bachelor/Master Degree,https://linkedin.com/learning; https://hbr.org; https://coursera.org/business; https://case.hbs.edu; https://mckinsey.com/insights,Google Analytics; HubSpot Marketing; Salesforce Trailhead; LinkedIn Marketing; Facebook Blueprint
Business,Risk Analyst,Communication; Leadership; Strategic Planning; Excel; Financial Analysis; SQL,Graduation,7-15 LPA,High,Associate > Risk Analyst > Senior Risk Analyst > Manager > Director,LinkedIn Learning Business Analysis; Udemy Power BI; Coursera Business; MBA Case Studies; Industry Reports,Competitive Exams; Interviews,Relevant Bachelor/Master Degree,https://linkedin.com/learning; https://hbr.org; https://coursera.org/business; https://case.hbs.edu; https://mckinsey.com/insights,Google Analytics; HubSpot Marketing; Salesforce Trailhead; LinkedIn Marketing; Facebook Blueprint
Business,Supply Chain Manager,Communication; Leadership; Strategic Planning; Excel; Presentation Skills; Team Management,Post-graduation,10-25 LPA,High,Associate > Supply Chain Manager > Senior Supply Chain Manager > Manager > Director,LinkedIn Learning Business Analysis; Udemy Power BI; Coursera Business; MBA Case Studies; Industry Reports,Competitive Exams; Interviews,Relevant Bachelor/Master Degree,https://linkedin.com/learning; https://hbr.org; https://coursera.org/business; https://case.hbs.edu; https://mckinsey.com/insights,Google Analytics; HubSpot Marketing; Salesforce Trailhead; LinkedIn Marketing; Facebook Blueprint
Business,HR Manager,Communication; Leadership; Strategic Planning; Excel; Presentation Skills; Team Management,Graduation,7-15 LPA,Medium,Associate > HR Manager > Senior HR Manager > Manager > Director,LinkedIn Learning Business Analysis; Udemy Power BI; Coursera Business; MBA Case Studies; Industry Reports,Competitive Exams; Interviews,Relevant Bachelor/Master Degree,https://linkedin.com/learning; https://hbr.org; https://coursera.org/business; https://case.hbs.edu; https://mckinsey.com/insights,Google Analytics; HubSpot Marketing; Salesforce Trailhead; LinkedIn Marketing; Facebook Blueprint
Business,Brand Manager,Communication; Leadership; Strategic Planning; Excel; Digital Marketing; Social Media,Graduation,7-15 LPA,High,Associate > Brand Manager > Senior Brand Manager > Manager > Director,LinkedIn Learning Business Analysis; Udemy Power BI; Coursera Business; MBA Case Studies; Industry Reports,Competitive Exams; Interviews,Relevant Bachelor/Master Degree,https://linkedin.com/learning; https://hbr.org; https://coursera.org/business; https://case.hbs.edu; https://mckinsey.com/insights,Google Analytics; HubSpot Marketing; Salesforce Trailhead; LinkedIn Marketing; Facebook Blueprint
Business,Digital Marketing Specialist,Communication; Leadership; Strategic Planning; Excel; Digital Marketing; Content Creation,Graduation,7-15 LPA,Very High,Associate > Digital Marketing Specialist > Senior Digital Marketing Specialist > Manager > Director,LinkedIn Learning Business Analysis; Udemy Power BI; Coursera Business; MBA Case Studies; Industry Reports,Competitive Exams; Interviews,Relevant Bachelor/Master Degree,https://linkedin.com/learning; https://hbr.org; https://coursera.org/business; https://case.hbs.edu; https://mckinsey.com/insights,Google Analytics; HubSpot Marketing; Salesforce Trailhead; LinkedIn Marketing; Facebook Blueprint
Business,Business Development Manager,Communication; Leadership; Strategic Planning; Excel; Presentation Skills; Team Management,Post-graduation,10-25 LPA,High,Associate > Business Development Manager > Senior Business Development Manager > Manager > Director,LinkedIn Learning Business Analysis; Udemy Power BI; Coursera Business; MBA Case Studies; Industry Reports,Competitive Exams; Interviews,Relevant Bachelor/Master Degree,https://linkedin.com/learning; https://hbr.org; https://coursera.org/business; https://case.hbs.edu; https://mckinsey.com/insights,Google Analytics; HubSpot Marketing; Salesforce Trailhead; LinkedIn Marketing; Facebook Blueprint
Business,Strategy Consultant,Communication; Leadership; Strategic Planning; Excel; Presentation Skills; Team Management,Post-graduation,10-25 LPA,Medium,Associate > Strategy Consultant > Senior Strategy Consultant > Manager > Director,LinkedIn Learning Business Analysis; Udemy Power BI; Coursera Business; MBA Case Studies; Industry Reports,Competitive Exams; Interviews,Relevant Bachelor/Master Degree,https://linkedin.com/learning; https://hbr.org; https://coursera.org/business; https://case.hbs.edu; https://mckinsey.com/insights,Google Analytics; HubSpot Marketing; Salesforce Trailhead; LinkedIn Marketing; Facebook Blueprint
Business,Market Research Analyst,Communication; Leadership; Strategic Planning; Excel; Presentation Skills; Team Management,Graduation,7-15 LPA,Medium,Associate > Market Research Analyst > Senior Market Research Analyst > Manager > Director,LinkedIn Learning Business Analysis; Udemy Power BI; Coursera Business; MBA Case Studies; Industry Reports,Competitive Exams; Interviews,Relevant Bachelor/Master Degree,https://linkedin.com/learning; https://hbr.org; https://coursera.org/business; https://case.hbs.edu; https://mckinsey.com/insights,Google Analytics; HubSpot Marketing; Salesforce Trailhead; LinkedIn Marketing; Facebook Blueprint
Business,Public Relations Manager,Communication; Leadership; Strategic Planning; Excel; Presentation Skills; Team Management,Graduation,7-15 LPA,Medium,Associate > Public Relations Manager > Senior Public Relations Manager > Manager > Director,LinkedIn Learning Business Analysis; Udemy Power BI; Coursera Business; MBA Case Studies; Industry Reports,Competitive Exams; Interviews,Relevant Bachelor/Master Degree,https://linkedin.com/learning; https://hbr.org; https://coursera.org/business; https://case.hbs.edu; https://mckinsey.com/insights,Google Analytics; HubSpot Marketing; Salesforce Trailhead; LinkedIn Marketing; Facebook Blueprint
Business,Account Manager,Communication; Leadership; Strategic Planning; Excel; Presentation Skills; Team Management,Graduation,7-15 LPA,High,Associate > Account Manager > Senior Account Manager > Manager > Director,LinkedIn Learning Business Analysis; Udemy Power BI; Coursera Business; MBA Case Studies; Industry Reports,Competitive Exams; Interviews,Relevant Bachelor/Master Degree,https://linkedin.com/learning; https://hbr.org; https://coursera.org/business; https://case.hbs.edu; https://mckinsey.com/insights,Google Analytics; HubSpot Marketing; Salesforce Trailhead; LinkedIn Marketing; Facebook Blueprint
Business,Relationship Manager,Communication; Leadership; Strategic Planning; Excel; Presentation Skills; Team Management,Graduation,7-15 LPA,High,Associate > Relationship Manager > Senior Relationship Manager > Manager > Director,LinkedIn Learning Business Analysis; Udemy Power BI; Coursera Business; MBA Case Studies; Industry Reports,Competitive Exams; Interviews,Relevant Bachelor/Master Degree,https://linkedin.com/learning; https://hbr.org; https://coursera.org/business; https://case.hbs.edu; https://mckinsey.com/insights,Google Analytics; HubSpot Marketing; Salesforce Trailhead; LinkedIn Marketing; Facebook Blueprint
Business,Corporate Trainer,Communication; Leadership; Strategic Planning; Excel; Presentation Skills; Team Management,Post-graduation,10-25 LPA,Medium,Associate > Corporate Trainer > Senior Corporate Trainer > Manager > Director,LinkedIn Learning Business Analysis; Udemy Power BI; Coursera Business; MBA Case Studies; Industry Reports,Competitive Exams; Interviews,Relevant Bachelor/Master Degree,https://linkedin.com/learning; https://hbr.org; https://coursera.org/business; https://case.hbs.edu; https://mckinsey.com/insights,Google Analytics; HubSpot Marketing; Salesforce Trailhead; LinkedIn Marketing; Facebook Blueprint
Business,Business Owner,Communication; Leadership; Strategic Planning; Excel; Presentation Skills; Team Management,Graduation,7-15 LPA,Medium,Associate > Business Owner > Senior Business Owner > Manager > Director,LinkedIn Learning Business Analysis; Udemy Power BI; Coursera Business; MBA Case Studies; Industry Reports,Competitive Exams; Interviews,Relevant Bachelor/Master Degree,https://linkedin.com/learning; https://hbr.org; https://coursera.org/business; https://case.hbs.edu; https://mckinsey.com/insights,Google Analytics; HubSpot Marketing; Salesforce Trailhead; LinkedIn Marketing; Facebook Blueprint
Business,Franchise Manager,Communication; Leadership; Strategic Planning; Excel; Presentation Skills; Team Management,Graduation,7-15 LPA,Medium,Associate > Franchise Manager > Senior Franchise Manager > Manager > Director,LinkedIn Learning Business Analysis; Udemy Power BI; Coursera Business; MBA Case Studies; Industry Reports,Competitive Exams; Interviews,Relevant Bachelor/Master Degree,https://linkedin.com/learning; https://hbr.org; https://coursera.org/business; https://case.hbs.edu; https://mckinsey.com/insights,Google Analytics; HubSpot Marketing; Salesforce Trailhead; LinkedIn Marketing; Facebook Blueprint
Business,Retail Manager,Communication; Leadership; Strategic Planning; Excel; Presentation Skills; Team Management,Graduation,7-15 LPA,Medium,Associate > Retail Manager > Senior Retail Manager > Manager > Director,LinkedIn Learning Business Analysis; Udemy Power BI; Coursera Business; MBA Case Studies; Industry Reports,Competitive Exams; Interviews,Relevant Bachelor/Master Degree,https://linkedin.com/learning; https://hbr.org; https://coursera.org/business; https://case.hbs.edu; https://mckinsey.com/insights,Google Analytics; HubSpot Marketing; Salesforce Trailhead; LinkedIn Marketing; Facebook Blueprint
Business,E-commerce Manager,Communication; Leadership; Strategic Planning; Excel; Digital Marketing; Social Media,Post-graduation,10-25 LPA,Very High,Associate > E-commerce Manager > Senior E-commerce Manager > Manager > Director,LinkedIn Learning Business Analysis; Udemy Power BI; Coursera Business; MBA Case Studies; Industry Reports,Competitive Exams; Interviews,Relevant Bachelor/Master Degree,https://linkedin.com/learning; https://hbr.org; https://coursera.org/business; https://case.hbs.edu; https://mckinsey.com/insights,Google Analytics; HubSpot Marketing; Salesforce Trailhead; LinkedIn Marketing; Facebook Blueprint
Healthcare,Doctor,Medical Knowledge; Patient Care; Communication; Empathy; Diagnosis; Treatment Planning,Post-graduation,15-40 LPA,Very High,Intern > Junior Doctor > Doctor > Senior Doctor > Department Head,Medical Journals; Medscape; Khan Academy Medicine; Coursera Health; Clinical Guidelines,NEET; AIIMS; JIPMER,MBBS; MD/MS,https://medscape.com; https://khanacademy.org/health; https://coursera.org/health; https://pubmed.ncbi.nlm.nih.gov; https://who.int,Basic Life Support; First Aid; WHO Health Courses; Coursera Public Health; Stanford Medicine
Healthcare,Nurse,Medical Knowledge; Patient Care; Communication; Empathy; Patient Monitoring; Medication Administration,Graduation,9-20 LPA,Very High,Intern > Junior Nurse > Nurse > Senior Nurse > Department Head,Medical Journals; Medscape; Khan Academy Medicine; Coursera Health; Clinical Guidelines,Nursing Entrance Exams,B.Sc Nursing; GNM,https://medscape.com; https://khanacademy.org/health; https://coursera.org/health; https://pubmed.ncbi.nlm.nih.gov; https://who.int,Basic Life Support; First Aid; WHO Health Courses; Coursera Public Health; Stanford Medicine
Healthcare,Pharmacist,Medical Knowledge; Patient Care; Communication; Empathy; Clinical Skills; Drug Knowledge,Graduation,9-20 LPA,High,Intern > Junior Pharmacist > Pharmacist > Senior Pharmacist > Department Head,Medical Journals; Medscape; Khan Academy Medicine; Coursera Health; Clinical Guidelines,GPAT; State Pharmacy Exams,B.Pharm; D.Pharm,https://medscape.com; https://khanacademy.org/health; https://coursera.org/health; https://pubmed.ncbi.nlm.nih.gov; https://who.int,Basic Life Support; First Aid; WHO Health Courses; Coursera Public Health; Stanford Medicine
Healthcare,Physiotherapist,Medical Knowledge; Patient Care; Communication; Empathy; Clinical Skills; Rehabilitation,Graduation,9-20 LPA,High,Intern > Junior Physiotherapist > Physiotherapist > Senior Physiotherapist > Department Head,Medical Journals; Medscape; Khan Academy Medicine; Coursera Health; Clinical Guidelines,BPT Entrance Exams,BPT; MPT,https://medscape.com; https://khanacademy.org/health; https://coursera.org/health; https://pubmed.ncbi.nlm.nih.gov; https://who.int,Basic Life Support; First Aid; WHO Health Courses; Coursera Public Health; Stanford Medicine
Healthcare,Dentist,Medical Knowledge; Patient Care; Communication; Empathy; Diagnosis; Dental Procedures,Post-graduation,15-40 LPA,High,Intern > Junior Dentist > Dentist > Senior Dentist > Department Head,Medical Journals; Medscape; Khan Academy Medicine; Coursera Health; Clinical Guidelines,NEET MDS; BDS Entrance,BDS; MDS,https://medscape.com; https://khanacademy.org/health; https://coursera.org/health; https://pubmed.ncbi.nlm.nih.gov; https://who.int,Basic Life Support; First Aid; WHO Health Courses; Coursera Public Health; Stanford Medicine
Healthcare,Surgeon,Medical Knowledge; Patient Care; Communication; Empathy; Diagnosis; Emergency Care,Post-graduation,15-40 LPA,Very High,Intern > Junior Surgeon > Surgeon > Senior Surgeon > Department Head,Medical Journals; Medscape; Khan Academy Medicine; Coursera Health; Clinical Guidelines,NEET; AIIMS; JIPMER,MBBS; MD/MS,https://medscape.com; https://khanacademy.org/health; https://coursera.org/health; https://pubmed.ncbi.nlm.nih.gov; https://who.int,Basic Life Support; First Aid; WHO Health Courses; Coursera Public Health; Stanford Medicine
Healthcare,Radiologist,Medical Knowledge; Patient Care; Communication; Empathy; Diagnosis; Medical Imaging,Post-graduation,15-40 LPA,High,Intern > Junior Radiologist > Radiologist > Senior Radiologist > Department Head,Medical Journals; Medscape; Khan Academy Medicine; Coursera Health; Clinical Guidelines,NEET; AIIMS; JIPMER,MBBS; MD/MS,https://medscape.com; https://khanacademy.org/health; https://coursera.org/health; https://pubmed.ncbi.nlm.nih.gov; https://who.int,Basic Life Support; First Aid; WHO Health Courses; Coursera Public Health; Stanford Medicine
Healthcare,Cardiologist,Medical Knowledge; Patient Care; Communication; Empathy; Diagnosis; Treatment Planning,Post-graduation,15-40 LPA,Very High,Intern > Junior Cardiologist > Cardiologist > Senior Cardiologist > Department Head,Medical Journals; Medscape; Khan Academy Medicine; Coursera Health; Clinical Guidelines,NEET; AIIMS; JIPMER,MBBS; MD/MS,https://medscape.com; https://khanacademy.org/health; https://coursera.org/health; https://pubmed.ncbi.nlm.nih.gov; https://who.int,Basic Life Support; First Aid; WHO Health Courses; Coursera Public Health; Stanford Medicine
Healthcare,Neurologist,Medical Knowledge; Patient Care; Communication; Empathy; Diagnosis; Emergency Care,Post-graduation,15-40 LPA,High,Intern > Junior Neurologist > Neurologist > Senior Neurologist > Department Head,Medical Journals; Medscape; Khan Academy Medicine; Coursera Health; Clinical Guidelines,NEET; AIIMS; JIPMER,MBBS; MD/MS,https://medscape.com; https://khanacademy.org/health; https://coursera.org/health; https://pubmed.ncbi.nlm.nih.gov; https://who.int,Basic Life Support; First Aid; WHO Health Courses; Coursera Public Health; Stanford Medicine
Healthcare,Psychiatrist,Medical Knowledge; Patient Care; Communication; Empathy; Diagnosis; Mental Health,Post-graduation,15-40 LPA,Very High,Intern > Junior Psychiatrist > Psychiatrist > Senior Psychiatrist > Department Head,Medical Journals; Medscape; Khan Academy Medicine; Coursera Health; Clinical Guidelines,NEET; AIIMS; JIPMER,MBBS; MD/MS,https://medscape.com; https://khanacademy.org/health; https://coursera.org/health; https://pubmed.ncbi.nlm.nih.gov; https://who.int,Basic Life Support; First Aid; WHO Health Courses; Coursera Public Health; Stanford Medicine
Healthcare,Pediatrician,Medical Knowledge; Patient Care; Communication; Empathy; Diagnosis; Child Care,Post-graduation,15-40 LPA,High,Intern > Junior Pediatrician > Pediatrician > Senior Pediatrician > Department Head,Medical Journals; Medscape; Khan Academy Medicine; Coursera Health; Clinical Guidelines,NEET; AIIMS; JIPMER,MBBS; MD/MS,https://medscape.com; https://khanacademy.org/health; https://coursera.org/health; https://pubmed.ncbi.nlm.nih.gov; https://who.int,Basic Life Support; First Aid; WHO Health Courses; Coursera Public Health; Stanford Medicine
Healthcare,Gynecologist,Medical Knowledge; Patient Care; Communication; Empathy; Diagnosis; Women's Health,Post-graduation,15-40 LPA,High,Intern > Junior Gynecologist > Gynecologist > Senior Gynecologist > Department Head,Medical Journals; Medscape; Khan Academy Medicine; Coursera Health; Clinical Guidelines,NEET; AIIMS; JIPMER,MBBS; MD/MS,https://medscape.com; https://khanacademy.org/health; https://coursera.org/health; https://pubmed.ncbi.nlm.nih.gov; https://who.int,Basic Life Support; First Aid; WHO Health Courses; Coursera Public Health; Stanford Medicine
Healthcare,Orthopedic Surgeon,Medical Knowledge; Patient Care; Communication; Empathy; Diagnosis; Emergency Care,Post-graduation,15-40 LPA,Very High,Intern > Junior Orthopedic Surgeon > Orthopedic Surgeon > Senior Orthopedic Surgeon > Department Head,Medical Journals; Medscape; Khan Academy Medicine; Coursera Health; Clinical Guidelines,NEET; AIIMS; JIPMER,MBBS; MD/MS,https://medscape.com; https://khanacademy.org/health; https://coursera.org/health; https://pubmed.ncbi.nlm.nih.gov; https://who.int,Basic Life Support; First Aid; WHO Health Courses; Coursera Public Health; Stanford Medicine
Healthcare,Dermatologist,Medical Knowledge; Patient Care; Communication; Empathy; Diagnosis; Skin Care,Post-graduation,15-40 LPA,High,Intern > Junior Dermatologist > Dermatologist > Senior Dermatologist > Department Head,Medical Journals; Medscape; Khan Academy Medicine; Coursera Health; Clinical Guidelines,NEET; AIIMS; JIPMER,MBBS; MD/MS,https://medscape.com; https://khanacademy.org/health; https://coursera.org/health; https://pubmed.ncbi.nlm.nih.gov; https://who.int,Basic Life Support; First Aid; WHO Health Courses; Coursera Public Health; Stanford Medicine
Healthcare,Anesthesiologist,Medical Knowledge; Patient Care; Communication; Empathy; Diagnosis; Treatment Planning,Post-graduation,15-40 LPA,High,Intern > Junior Anesthesiologist > Anesthesiologist > Senior Anesthesiologist > Department Head,Medical Journals; Medscape; Khan Academy Medicine; Coursera Health; Clinical Guidelines,NEET; AIIMS; JIPMER,MBBS; MD/MS,https://medscape.com; https://khanacademy.org/health; https://coursera.org/health; https://pubmed.ncbi.nlm.nih.gov; https://who.int,Basic Life Support; First Aid; WHO Health Courses; Coursera Public Health; Stanford Medicine
Healthcare,Pathologist,Medical Knowledge; Patient Care; Communication; Empathy; Diagnosis; Laboratory Medicine,Post-graduation,15-40 LPA,High,Intern > Junior Pathologist > Pathologist > Senior Pathologist > Department Head,Medical Journals; Medscape; Khan Academy Medicine; Coursera Health; Clinical Guidelines,NEET; AIIMS; JIPMER,MBBS; MD/MS,https://medscape.com; https://khanacademy.org/health; https://coursera.org/health; https://pubmed.ncbi.nlm.nih.gov; https://who.int,Basic Life Support; First Aid; WHO Health Courses; Coursera Public Health; Stanford Medicine
Healthcare,Medical Researcher,Medical Knowledge; Patient Care; Communication; Empathy; Clinical Skills; Research,Post-graduation,15-40 LPA,High,Intern > Junior Medical Researcher > Medical Researcher > Senior Medical Researcher > Department Head,Medical Journals; Medscape; Khan Academy Medicine; Coursera Health; Clinical Guidelines,Competitive Exams; Interviews,Relevant Bachelor/Master Degree,https://medscape.com; https://khanacademy.org/health; https://coursera.org/health; https://pubmed.ncbi.nlm.nih.gov; https://who.int,Basic Life Support; First Aid; WHO Health Courses; Coursera Public Health; Stanford Medicine
Healthcare,Clinical Psychologist,Medical Knowledge; Patient Care; Communication; Empathy; Clinical Skills; Counseling,Post-graduation,15-40 LPA,Very High,Intern > Junior Clinical Psychologist > Clinical Psychologist > Senior Clinical Psychologist > Department Head,Medical Journals; Medscape; Khan Academy Medicine; Coursera Health; Clinical Guidelines,Psychology Entrance Exams,M.A Psychology; M.Phil Clinical Psychology,https://medscape.com; https://khanacademy.org/health; https://coursera.org/health; https://pubmed.ncbi.nlm.nih.gov; https://who.int,Basic Life Support; First Aid; WHO Health Courses; Coursera Public Health; Stanford Medicine
Healthcare,Nutritionist,Medical Knowledge; Patient Care; Communication; Empathy; Clinical Skills; Diet Planning,Graduation,9-20 LPA,High,Intern > Junior Nutritionist > Nutritionist > Senior Nutritionist > Department Head,Medical Journals; Medscape; Khan Academy Medicine; Coursera Health; Clinical Guidelines,Nutrition Entrance Exams,B.Sc Nutrition; M.Sc Food and Nutrition,https://medscape.com; https://khanacademy.org/health; https://coursera.org/health; https://pubmed.ncbi.nlm.nih.gov; https://who.int,Basic Life Support; First Aid; WHO Health Courses; Coursera Public Health; Stanford Medicine
Healthcare,Occupational Therapist,Medical Knowledge; Patient Care; Communication; Empathy; Clinical Skills; Rehabilitation,Graduation,9-20 LPA,High,Intern > Junior Occupational Therapist > Occupational Therapist > Senior Occupational Therapist > Department Head,Medical Journals; Medscape; Khan Academy Medicine; Coursera Health; Clinical Guidelines,BOT Entrance Exams,BOT; MOT,https://medscape.com; https://khanacademy.org/health; https://coursera.org/health; https://pubmed.ncbi.nlm.nih.gov; https://who.int,Basic Life Support; First Aid; WHO Health Courses; Coursera Public Health; Stanford Medicine
Healthcare,Speech Therapist,Medical Knowledge; Patient Care; Communication; Empathy; Clinical Skills; Speech Therapy,Graduation,9-20 LPA,Medium,Intern > Junior Speech Therapist > Speech Therapist > Senior Speech Therapist > Department Head,Medical Journals; Medscape; Khan Academy Medicine; Coursera Health; Clinical Guidelines,Speech Therapy Entrance Exams,BASLP; MASLP,https://medscape.com; https://khanacademy.org/health; https://coursera.org/health; https://pubmed.ncbi.nlm.nih.gov; https://who.int,Basic Life Support; First Aid; WHO Health Courses; Coursera Public Health; Stanford Medicine
Healthcare,Medical Technician,Medical Knowledge; Patient Care; Communication; Empathy; Clinical Skills; Laboratory Skills,Diploma,4-12 LPA,High,Intern > Junior Medical Technician > Medical Technician > Senior Medical Technician > Department Head,Medical Journals; Medscape; Khan Academy Medicine; Coursera Health; Clinical Guidelines,Medical Technology Exams,Diploma in Medical Laboratory Technology,https://medscape.com; https://khanacademy.org/health; https://coursera.org/health; https://pubmed.ncbi.nlm.nih.gov; https://who.int,Basic Life Support; First Aid; WHO Health Courses; Coursera Public Health; Stanford Medicine
Healthcare,Hospital Administrator,Medical Knowledge; Patient Care; Communication; Empathy; Clinical Skills; Administration,Post-graduation,15-40 LPA,Medium,Intern > Junior Hospital Administrator > Hospital Administrator > Senior Hospital Administrator > Department Head,Medical Journals; Medscape; Khan Academy Medicine; Coursera Health; Clinical Guidelines,Healthcare Management Exams,MBA Hospital Management; MHA,https://medscape.com; https://khanacademy.org/health; https://coursera.org/health; https://pubmed.ncbi.nlm.nih.gov; https://who.int,Basic Life Support; First Aid; WHO Health Courses; Coursera Public Health; Stanford Medicine
Healthcare,Public Health Officer,Medical Knowledge; Patient Care; Communication; Empathy; Clinical Skills; Public Health,Post-graduation,15-40 LPA,High,Intern > Junior Public Health Officer > Public Health Officer > Senior Public Health Officer > Department Head,Medical Journals; Medscape; Khan Academy Medicine; Coursera Health; Clinical Guidelines,Public Health Exams,MPH; DrPH,https://medscape.com; https://khanacademy.org/health; https://coursera.org/health; https://pubmed.ncbi.nlm.nih.gov; https://who.int,Basic Life Support; First Aid; WHO Health Courses; Coursera Public Health; Stanford Medicine
Healthcare,Epidemiologist,Medical Knowledge; Patient Care; Communication; Empathy; Clinical Skills; Research,Post-graduation,15-40 LPA,High,Intern > Junior Epidemiologist > Epidemiologist > Senior Epidemiologist > Department Head,Medical Journals; Medscape; Khan Academy Medicine; Coursera Health; Clinical Guidelines,Epidemiology Entrance Exams,MPH Epidemiology; PhD Epidemiology,https://medscape.com; https://khanacademy.org/health; https://coursera.org/health; https://pubmed.ncbi.nlm.nih.gov; https://who.int,Basic Life Support; First Aid; WHO Health Courses; Coursera Public Health; Stanford Medicine
Arts,Graphic Designer,Creativity; Communication; Project Management; Attention to Detail; Adobe Photoshop; Illustrator,Graduation,6-13 LPA,Medium,Junior Graphic Designer > Graphic Designer > Senior Graphic Designer > Lead > Manager,Online Tutorials; Industry Publications; Professional Forums; Certification Courses; Skill Workshops,Portfolio Reviews; Creative Tests,B.Des; BFA; Diploma in Graphic Design,https://skillshare.com; https://udemy.com; https://coursera.org; https://edx.org; https://youtube.com/education,Adobe Creative Suite; Canva Design; Google Workspace; Microsoft Office; Coursera Creative Writing
Arts,Interior Designer,Creativity; Communication; Project Management; Attention to Detail; Design Software; Space Planning,Graduation,6-13 LPA,High,Junior Interior Designer > Interior Designer > Senior Interior Designer > Lead > Manager,Online Tutorials; Industry Publications; Professional Forums; Certification Courses; Skill Workshops,Portfolio Reviews; Design Tests,B.Des Interior; Diploma in Interior Design,https://skillshare.com; https://udemy.com; https://coursera.org; https://edx.org; https://youtube.com/education,Adobe Creative Suite; Canva Design; Google Workspace; Microsoft Office; Coursera Creative Writing
Arts,Fashion Designer,Creativity; Communication; Project Management; Attention to Detail; Fashion Design; Textile Knowledge,Graduation,6-13 LPA,Medium,Junior Fashion Designer > Fashion Designer > Senior Fashion Designer > Lead > Manager,Online Tutorials; Industry Publications; Professional Forums; Certification Courses; Skill Workshops,Portfolio Reviews; Design Tests,B.Des Fashion; NIFT Entrance,https://skillshare.com; https://udemy.com; https://coursera.org; https://edx.org; https://youtube.com/education,Adobe Creative Suite; Canva Design; Google Workspace; Microsoft Office; Coursera Creative Writing
Arts,Architect,Creativity; Communication; Project Management; Attention to Detail; AutoCAD; 3D Modeling,Graduation,6-13 LPA,Medium,Junior Architect > Architect > Senior Architect > Lead > Manager,Online Tutorials; Industry Publications; Professional Forums; Certification Courses; Skill Workshops,JEE Main; NATA; State Architecture Exams,B.Arch; M.Arch,https://skillshare.com; https://udemy.com; https://coursera.org; https://edx.org; https://youtube.com/education,Adobe Creative Suite; Canva Design; Google Workspace; Microsoft Office; Coursera Creative Writing
Arts,Animator,Creativity; Communication; Project Management; Attention to Detail; Animation Software; Storytelling,Graduation,6-13 LPA,High,Junior Animator > Animator > Senior Animator > Lead > Manager,Online Tutorials; Industry Publications; Professional Forums; Certification Courses; Skill Workshops,Portfolio Reviews; Animation Tests,B.Des Animation; Diploma in Animation,https://skillshare.com; https://udemy.com; https://coursera.org; https://edx.org; https://youtube.com/education,Adobe Creative Suite; Canva Design; Google Workspace; Microsoft Office; Coursera Creative Writing
Arts,Photographer,Creativity; Communication; Project Management; Attention to Detail; Photography; Photo Editing,Graduation,6-13 LPA,Medium,Junior Photographer > Photographer > Senior Photographer > Lead > Manager,Online Tutorials; Industry Publications; Professional Forums; Certification Courses; Skill Workshops,Portfolio Reviews; Photography Tests,B.Des Photography; Diploma in Photography,https://skillshare.com; https://udemy.com; https://coursera.org; https://edx.org; https://youtube.com/education,Adobe Creative Suite; Canva Design; Google Workspace; Microsoft Office; Coursera Creative Writing
Arts,Video Editor,Creativity; Communication; Project Management; Attention to Detail; Video Editing; Visual Effects,Graduation,6-13 LPA,High,Junior Video Editor > Video Editor > Senior Video Editor > Lead > Manager,Online Tutorials; Industry Publications; Professional Forums; Certification Courses; Skill Workshops,Portfolio Reviews; Editing Tests,B.Des Film; Diploma in Video Editing,https://skillshare.com; https://udemy.com; https://coursera.org; https://edx.org; https://youtube.com/education,Adobe Creative Suite; Canva Design; Google Workspace; Microsoft Office; Coursera Creative Writing
Arts,Content Writer,Creativity; Communication; Project Management; Attention to Detail; Writing; SEO,Graduation,6-13 LPA,High,Junior Content Writer > Content Writer > Senior Content Writer > Lead > Manager,Online Tutorials; Industry Publications; Professional Forums; Certification Courses; Skill Workshops,Writing Tests; Portfolio Reviews,BA English; BA Journalism; MA English,https://skillshare.com; https://udemy.com; https://coursera.org; https://edx.org; https://youtube.com/education,Adobe Creative Suite; Canva Design; Google Workspace; Microsoft Office; Coursera Creative Writing
Arts,Copywriter,Creativity; Communication; Project Management; Attention to Detail; Copywriting; Marketing,Graduation,6-13 LPA,High,Junior Copywriter > Copywriter > Senior Copywriter > Lead > Manager,Online Tutorials; Industry Publications; Professional Forums; Certification Courses; Skill Workshops,Writing Tests; Creative Tests,BA English; BA Mass Communication,https://skillshare.com; https://udemy.com; https://coursera.org; https://edx.org; https://youtube.com/education,Adobe Creative Suite; Canva Design; Google Workspace; Microsoft Office; Coursera Creative Writing
Arts,Creative Director,Creativity; Communication; Project Management; Attention to Detail; Leadership; Strategy,Post-graduation,11-23 LPA,High,Junior Creative Director > Creative Director > Senior Creative Director > Lead > Manager,Online Tutorials; Industry Publications; Professional Forums; Certification Courses; Skill Workshops,Portfolio Reviews; Leadership Tests,M.Des; MBA Marketing; MFA,https://skillshare.com; https://udemy.com; https://coursera.org; https://edx.org; https://youtube.com/education,Adobe Creative Suite; Canva Design; Google Workspace; Microsoft Office; Coursera Creative Writing
Arts,Art Director,Creativity; Communication; Project Management; Attention to Detail; Visual Design; Team Management,Post-graduation,11-23 LPA,Medium,Junior Art Director > Art Director > Senior Art Director > Lead > Manager,Online Tutorials; Industry Publications; Professional Forums; Certification Courses; Skill Workshops,Portfolio Reviews; Design Tests,M.Des; MFA; MBA,https://skillshare.com; https://udemy.com; https://coursera.org; https://edx.org; https://youtube.com/education,Adobe Creative Suite; Canva Design; Google Workspace; Microsoft Office; Coursera Creative Writing
Arts,Illustrator,Creativity; Communication; Project Management; Attention to Detail; Digital Illustration; Traditional Art,Graduation,6-13 LPA,Medium,Junior Illustrator > Illustrator > Senior Illustrator > Lead > Manager,Online Tutorials; Industry Publications; Professional Forums; Certification Courses; Skill Workshops,Portfolio Reviews; Art Tests,BFA; B.Des; Diploma in Fine Arts,https://skillshare.com; https://udemy.com; https://coursera.org; https://edx.org; https://youtube.com/education,Adobe Creative Suite; Canva Design; Google Workspace; Microsoft Office; Coursera Creative Writing
Arts,Web Designer,Creativity; Communication; Project Management; Attention to Detail; HTML/CSS; UI Design,Graduation,6-13 LPA,High,Junior Web Designer > Web Designer > Senior Web Designer > Lead > Manager,Online Tutorials; Industry Publications; Professional Forums; Certification Courses; Skill Workshops,Portfolio Reviews; Design Tests,B.Des Web Design; BCA; Diploma in Web Design,https://skillshare.com; https://udemy.com; https://coursera.org; https://edx.org; https://youtube.com/education,Adobe Creative Suite; Canva Design; Google Workspace; Microsoft Office; Coursera Creative Writing
Arts,Game Artist,Creativity; Communication; Project Management; Attention to Detail; 3D Modeling; Game Design,Graduation,6-13 LPA,High,Junior Game Artist > Game Artist > Senior Game Artist > Lead > Manager,Online Tutorials; Industry Publications; Professional Forums; Certification Courses; Skill Workshops,Portfolio Reviews; Game Design Tests,B.Des Game Design; BFA,https://skillshare.com; https://udemy.com; https://coursera.org; https://edx.org; https://youtube.com/education,Adobe Creative Suite; Canva Design; Google Workspace; Microsoft Office; Coursera Creative Writing
Arts,Music Producer,Creativity; Communication; Project Management; Attention to Detail; Music Production; Audio Engineering,Graduation,6-13 LPA,Medium,Junior Music Producer > Music Producer > Senior Music Producer > Lead > Manager,Online Tutorials; Industry Publications; Professional Forums; Certification Courses; Skill Workshops,Audio Portfolio; Music Tests,B.Mus; Diploma in Music Production,https://skillshare.com; https://udemy.com; https://coursera.org; https://edx.org; https://youtube.com/education,Adobe Creative Suite; Canva Design; Google Workspace; Microsoft Office; Coursera Creative Writing
Arts,Film Director,Creativity; Communication; Project Management; Attention to Detail; Film Making; Storytelling,Post-graduation,11-23 LPA,Low,Junior Film Director > Film Director > Senior Film Director > Lead > Manager,Online Tutorials; Industry Publications; Professional Forums; Certification Courses; Skill Workshops,Portfolio Reviews; Film Tests,B.A Film; M.A Film Studies; Diploma in Film Making,https://skillshare.com; https://udemy.com; https://coursera.org; https://edx.org; https://youtube.com/education,Adobe Creative Suite; Canva Design; Google Workspace; Microsoft Office; Coursera Creative Writing
Arts,Cinematographer,Creativity; Communication; Project Management; Attention to Detail; Cinematography; Lighting,Graduation,6-13 LPA,Medium,Junior Cinematographer > Cinematographer > Senior Cinematographer > Lead > Manager,Online Tutorials; Industry Publications; Professional Forums; Certification Courses; Skill Workshops,Portfolio Reviews; Camera Tests,B.A Film; Diploma in Cinematography,https://skillshare.com; https://udemy.com; https://coursera.org; https://edx.org; https://youtube.com/education,Adobe Creative Suite; Canva Design; Google Workspace; Microsoft Office; Coursera Creative Writing
Arts,Sound Engineer,Creativity; Communication; Project Management; Attention to Detail; Audio Engineering; Music Production,Graduation,6-13 LPA,High,Junior Sound Engineer > Sound Engineer > Senior Sound Engineer > Lead > Manager,Online Tutorials; Industry Publications; Professional Forums; Certification Courses; Skill Workshops,Audio Tests; Technical Tests,B.E Audio Engineering; Diploma in Sound Engineering,https://skillshare.com; https://udemy.com; https://coursera.org; https://edx.org; https://youtube.com/education,Adobe Creative Suite; Canva Design; Google Workspace; Microsoft Office; Coursera Creative Writing
Arts,Theater Director,Creativity; Communication; Project Management; Attention to Detail; Theater Arts; Direction,Post-graduation,11-23 LPA,Low,Junior Theater Director > Theater Director > Senior Theater Director > Lead > Manager,Online Tutorials; Industry Publications; Professional Forums; Certification Courses; Skill Workshops,Portfolio Reviews; Theater Tests,M.A Theatre; B.A Drama; M.F.A,https://skillshare.com; https://udemy.com; https://coursera.org; https://edx.org; https://youtube.com/education,Adobe Creative Suite; Canva Design; Google Workspace; Microsoft Office; Coursera Creative Writing
Arts,Choreographer,Creativity; Communication; Project Management; Attention to Detail; Dance; Choreography,Graduation,6-13 LPA,Medium,Junior Choreographer > Choreographer > Senior Choreographer > Lead > Manager,Online Tutorials; Industry Publications; Professional Forums; Certification Courses; Skill Workshops,Dance Portfolio; Performance Tests,B.A Dance; Diploma in Dance,https://skillshare.com; https://udemy.com; https://coursera.org; https://edx.org; https://youtube.com/education,Adobe Creative Suite; Canva Design; Google Workspace; Microsoft Office; Coursera Creative Writing
Arts,Musician,Creativity; Communication; Project Management; Attention to Detail; Music; Performance,Graduation,6-13 LPA,Low,Junior Musician > Musician > Senior Musician > Lead > Manager,Online Tutorials; Industry Publications; Professional Forums; Certification Courses; Skill Workshops,Music Portfolio; Performance Tests,B.Mus; M.Mus; Diploma in Music,https://skillshare.com; https://udemy.com; https://coursera.org; https://edx.org; https://youtube.com/education,Adobe Creative Suite; Canva Design; Google Workspace; Microsoft Office; Coursera Creative Writing
Arts,Actor,Creativity; Communication; Project Management; Attention to Detail; Acting; Performance,Graduation,6-13 LPA,Low,Junior Actor > Actor > Senior Actor > Lead > Manager,Online Tutorials; Industry Publications; Professional Forums; Certification Courses; Skill Workshops,Acting Portfolio; Auditions,B.A Theatre; Acting Diploma,https://skillshare.com; https://udemy.com; https://coursera.org; https://edx.org; https://youtube.com/education,Adobe Creative Suite; Canva Design; Google Workspace; Microsoft Office; Coursera Creative Writing
Arts,Voice Artist,Creativity; Communication; Project Management; Attention to Detail; Voice Acting; Audio Recording,Graduation,6-13 LPA,Medium,Junior Voice Artist > Voice Artist > Senior Voice Artist > Lead > Manager,Online Tutorials; Industry Publications; Professional Forums; Certification Courses; Skill Workshops,Voice Portfolio; Audio Tests,B.A Mass Communication; Voice Acting Courses,https://skillshare.com; https://udemy.com; https://coursera.org; https://edx.org; https://youtube.com/education,Adobe Creative Suite; Canva Design; Google Workspace; Microsoft Office; Coursera Creative Writing
Arts,Journalist,Creativity; Communication; Project Management; Attention to Detail; Journalism; Research,Graduation,6-13 LPA,Medium,Junior Journalist > Journalist > Senior Journalist > Lead > Manager,Online Tutorials; Industry Publications; Professional Forums; Certification Courses; Skill Workshops,Writing Tests; Current Affairs,B.A Journalism; BA Mass Communication,https://skillshare.com; https://udemy.com; https://coursera.org; https://edx.org; https://youtube.com/education,Adobe Creative Suite; Canva Design; Google Workspace; Microsoft Office; Coursera Creative Writing
Arts,Editor,Creativity; Communication; Project Management; Attention to Detail; Editing; Language Skills,Post-graduation,11-23 LPA,Medium,Junior Editor > Editor > Senior Editor > Lead > Manager,Online Tutorials; Industry Publications; Professional Forums; Certification Courses; Skill Workshops,Writing Tests; Editing Tests,M.A English; M.A Journalism; MBA,https://skillshare.com; https://udemy.com; https://coursera.org; https://edx.org; https://youtube.com/education,Adobe Creative Suite; Canva Design; Google Workspace; Microsoft Office; Coursera Creative Writing
Education,Teacher,Communication; Leadership; Teaching; Subject Knowledge; Classroom Management; Student Assessment,Graduation,6-15 LPA,Medium,Trainee Teacher > Teacher > Senior Teacher > Principal > Education Administrator,Online Tutorials; Industry Publications; Professional Forums; Certification Courses; Skill Workshops,TET; CTET; State Teacher Eligibility,B.Ed; M.Ed; Subject Graduate,https://skillshare.com; https://udemy.com; https://coursera.org; https://edx.org; https://youtube.com/education,Adobe Creative Suite; Canva Design; Google Workspace; Microsoft Office; Coursera Creative Writing
Education,Professor,Communication; Leadership; Teaching; Subject Knowledge; Research; Academic Writing,PhD,20-55 LPA,High,Assistant Professor > Associate Professor > Professor > Senior Professor > Department Head,Online Tutorials; Industry Publications; Professional Forums; Certification Courses; Skill Workshops,NET; SET; GATE,PhD in relevant subject,https://skillshare.com; https://udemy.com; https://coursera.org; https://edx.org; https://youtube.com/education,Adobe Creative Suite; Canva Design; Google Workspace; Microsoft Office; Coursera Creative Writing
Education,Principal,Communication; Leadership; Teaching; Subject Knowledge; Administration; Management,Post-graduation,13-30 LPA,Medium,Teacher > Vice Principal > Principal > Senior Principal > Education Administrator,Online Tutorials; Industry Publications; Professional Forums; Certification Courses; Skill Workshops,Principal Eligibility Test; Leadership Assessment,M.Ed; MBA Education; Subject Master,https://skillshare.com; https://udemy.com; https://coursera.org; https://edx.org; https://youtube.com/education,Adobe Creative Suite; Canva Design; Google Workspace; Microsoft Office; Coursera Creative Writing
Education,Education Administrator,Communication; Leadership; Teaching; Subject Knowledge; Administration; Policy Making,Post-graduation,13-30 LPA,Medium,Education Officer > Assistant Administrator > Education Administrator > Senior Education Administrator > Department Head,Online Tutorials; Industry Publications; Professional Forums; Certification Courses; Skill Workshops,Civil Services; Education Services Exam,M.Ed; MBA; MA Education,https://skillshare.com; https://udemy.com; https://coursera.org; https://edx.org; https://youtube.com/education,Adobe Creative Suite; Canva Design; Google Workspace; Microsoft Office; Coursera Creative Writing
Education,Curriculum Developer,Communication; Leadership; Teaching; Subject Knowledge; Curriculum Design; Educational Technology,Post-graduation,13-30 LPA,High,Curriculum Assistant > Curriculum Developer > Senior Curriculum Developer > Lead > Manager,Online Tutorials; Industry Publications; Professional Forums; Certification Courses; Skill Workshops,Education Design Tests; Portfolio Review,M.Ed; MA Education; Instructional Design,https://skillshare.com; https://udemy.com; https://coursera.org; https://edx.org; https://youtube.com/education,Adobe Creative Suite; Canva Design; Google Workspace; Microsoft Office; Coursera Creative Writing
Education,Instructional Designer,Communication; Leadership; Teaching; Subject Knowledge; Instructional Design; E-learning,Post-graduation,13-30 LPA,Very High,Instructional Design Associate > Instructional Designer > Senior Instructional Designer > Lead > Manager,Online Tutorials; Industry Publications; Professional Forums; Certification Courses; Skill Workshops,Design Portfolio; E-learning Tests,M.Ed; MA Education; Instructional Technology,https://skillshare.com; https://udemy.com; https://coursera.org; https://edx.org; https://youtube.com/education,Adobe Creative Suite; Canva Design; Google Workspace; Microsoft Office; Coursera Creative Writing
Education,Education Consultant,Communication; Leadership; Teaching; Subject Knowledge; Consulting; Strategic Planning,Post-graduation,13-30 LPA,High,Education Analyst > Education Consultant > Senior Education Consultant > Lead > Manager,Online Tutorials; Industry Publications; Professional Forums; Certification Courses; Skill Workshops,Consulting Case Studies; Education Assessment,M.Ed; MBA; PhD Education,https://skillshare.com; https://udemy.com; https://coursera.org; https://edx.org; https://youtube.com/education,Adobe Creative Suite; Canva Design; Google Workspace; Microsoft Office; Coursera Creative Writing
Education,Training Manager,Communication; Leadership; Teaching; Subject Knowledge; Training Design; Corporate Training,Post-graduation,13-30 LPA,High,Training Associate > Training Manager > Senior Training Manager > Lead > Manager,Online Tutorials; Industry Publications; Professional Forums; Certification Courses; Skill Workshops,Training Assessment; Leadership Tests,M.Ed; MBA HR; Corporate Training,https://skillshare.com; https://udemy.com; https://coursera.org; https://edx.org; https://youtube.com/education,Adobe Creative Suite; Canva Design; Google Workspace; Microsoft Office; Coursera Creative Writing
Education,Academic Counselor,Communication; Leadership; Teaching; Subject Knowledge; Counseling; Student Guidance,Post-graduation,13-30 LPA,Medium,Counseling Assistant > Academic Counselor > Senior Academic Counselor > Lead > Manager,Online Tutorials; Industry Publications; Professional Forums; Certification Courses; Skill Workshops,Counseling Tests; Psychology Assessment,M.Ed; MA Psychology; Guidance Counseling,https://skillshare.com; https://udemy.com; https://coursera.org; https://edx.org; https://youtube.com/education,Adobe Creative Suite; Canva Design; Google Workspace; Microsoft Office; Coursera Creative Writing
Education,Librarian,Communication; Leadership; Teaching; Subject Knowledge; Library Science; Information Management,Post-graduation,13-30 LPA,Low,Assistant Librarian > Librarian > Senior Librarian > Lead > Manager,Online Tutorials; Industry Publications; Professional Forums; Certification Courses; Skill Workshops,Library Science Tests; Information Management,M.Lib; MLIS; Library Science,https://skillshare.com; https://udemy.com; https://coursera.org; https://edx.org; https://youtube.com/education,Adobe Creative Suite; Canva Design; Google Workspace; Microsoft Office; Coursera Creative Writing
Education,Research Associate,Communication; Leadership; Teaching; Subject Knowledge; Research; Data Analysis,Post-graduation,13-30 LPA,High,Research Assistant > Research Associate > Senior Research Associate > Lead > Manager,Online Tutorials; Industry Publications; Professional Forums; Certification Courses; Skill Workshops,Research Portfolio; Data Analysis Tests,M.Ed; MA; MSc; Research Methods,https://skillshare.com; https://udemy.com; https://coursera.org; https://edx.org; https://youtube.com/education,Adobe Creative Suite; Canva Design; Google Workspace; Microsoft Office; Coursera Creative Writing
Education,Educational Psychologist,Communication; Leadership; Teaching; Subject Knowledge; Psychology; Student Assessment,Post-graduation,13-30 LPA,High,Psychology Assistant > Educational Psychologist > Senior Educational Psychologist > Lead > Manager,Online Tutorials; Industry Publications; Professional Forums; Certification Courses; Skill Workshops,Psychology Tests; Educational Assessment,MA Psychology; M.Phil Educational Psychology,https://skillshare.com; https://udemy.com; https://coursera.org; https://edx.org; https://youtube.com/education,Adobe Creative Suite; Canva Design; Google Workspace; Microsoft Office; Coursera Creative Writing
Education,Special Education Teacher,Communication; Leadership; Teaching; Subject Knowledge; Special Education; Individual Education Plans,Post-graduation,13-30 LPA,High,Special Education Assistant > Special Education Teacher > Senior Special Education Teacher > Lead > Manager,Online Tutorials; Industry Publications; Professional Forums; Certification Courses; Skill Workshops,Special Education Tests; Teaching Assessment,M.Ed Special Education; B.Ed Special Education,https://skillshare.com; https://udemy.com; https://coursera.org; https://edx.org; https://youtube.com/education,Adobe Creative Suite; Canva Design; Google Workspace; Microsoft Office; Coursera Creative Writing
Education,Online Course Creator,Communication; Leadership; Teaching; Subject Knowledge; Content Creation; Digital Marketing,Graduation,6-15 LPA,Very High,Content Assistant > Online Course Creator > Senior Online Course Creator > Lead > Manager,Online Tutorials; Industry Publications; Professional Forums; Certification Courses; Skill Workshops,Course Portfolio; Content Creation Tests,Subject Graduate; Teaching Experience,https://skillshare.com; https://udemy.com; https://coursera.org; https://edx.org; https://youtube.com/education,Adobe Creative Suite; Canva Design; Google Workspace; Microsoft Office; Coursera Creative Writing
Education,Corporate Trainer,Communication; Leadership; Teaching; Subject Knowledge; Corporate Training; Skill Development,Graduation,6-15 LPA,High,Training Assistant > Corporate Trainer > Senior Corporate Trainer > Lead > Manager,Online Tutorials; Industry Publications; Professional Forums; Certification Courses; Skill Workshops,Training Assessment; Presentation Skills,Subject Graduate; Corporate Training Certification,https://skillshare.com; https://udemy.com; https://coursera.org; https://edx.org; https://youtube.com/education,Adobe Creative Suite; Canva Design; Google Workspace; Microsoft Office; Coursera Creative Writing
Education,Language Instructor,Communication; Leadership; Teaching; Subject Knowledge; Language Skills; Cultural Awareness,Graduation,6-15 LPA,Medium,Language Assistant > Language Instructor > Senior Language Instructor > Lead > Manager,Online Tutorials; Industry Publications; Professional Forums; Certification Courses; Skill Workshops,Language Proficiency Tests; Teaching Assessment,Language Graduate; TESOL; Language Certification,https://skillshare.com; https://udemy.com; https://coursera.org; https://edx.org; https://youtube.com/education,Adobe Creative Suite; Canva Design; Google Workspace; Microsoft Office; Coursera Creative Writing
Education,Tutor,Communication; Leadership; Teaching; Subject Knowledge; Individual Instruction; Student Support,Graduation,6-15 LPA,High,Assistant Tutor > Tutor > Senior Tutor > Lead > Manager,Online Tutorials; Industry Publications; Professional Forums; Certification Courses; Skill Workshops,Subject Tests; Teaching Skills,Subject Graduate; Tutoring Experience,https://skillshare.com; https://udemy.com; https://coursera.org; https://edx.org; https://youtube.com/education,Adobe Creative Suite; Canva Design; Google Workspace; Microsoft Office; Coursera Creative Writing
Education,Education Technology Specialist,Communication; Leadership; Teaching; Subject Knowledge; Educational Technology; Digital Tools,Post-graduation,13-30 LPA,Very High,EdTech Assistant > Education Technology Specialist > Senior Education Technology Specialist > Lead > Manager,Online Tutorials; Industry Publications; Professional Forums; Certification Courses; Skill Workshops,Technology Portfolio; EdTech Assessment,M.Ed; Educational Technology; Computer Science,https://skillshare.com; https://udemy.com; https://coursera.org; https://edx.org; https://youtube.com/education,Adobe Creative Suite; Canva Design; Google Workspace; Microsoft Office; Coursera Creative Writing
Education,School Counselor,Communication; Leadership; Teaching; Subject Knowledge; Counseling; Student Support,Post-graduation,13-30 LPA,Medium,Counseling Assistant > School Counselor > Senior School Counselor > Lead > Manager,Online Tutorials; Industry Publications; Professional Forums; Certification Courses; Skill Workshops,Counseling Tests; Student Assessment,M.Ed; MA Psychology; School Counseling,https://skillshare.com; https://udemy.com; https://coursera.org; https://edx.org; https://youtube.com/education,Adobe Creative Suite; Canva Design; Google Workspace; Microsoft Office; Coursera Creative Writing
Education,Adult Education Instructor,Communication; Leadership; Teaching; Subject Knowledge; Adult Learning; Skill Development,Graduation,6-15 LPA,Medium,Adult Ed Assistant > Adult Education Instructor > Senior Adult Education Instructor > Lead > Manager,Online Tutorials; Industry Publications; Professional Forums; Certification Courses; Skill Workshops,Adult Education Tests; Teaching Assessment,Subject Graduate; Adult Education Certification,https://skillshare.com; https://udemy.com; https://coursera.org; https://edx.org; https://youtube.com/education,Adobe Creative Suite; Canva Design; Google Workspace; Microsoft Office; Coursera Creative Writing
Education,Distance Learning Coordinator,Communication; Leadership; Teaching; Subject Knowledge; Distance Learning; Technology Coordination,Post-graduation,13-30 LPA,High,Distance Learning Assistant > Distance Learning Coordinator > Senior Distance Learning Coordinator > Lead > Manager,Online Tutorials; Industry Publications; Professional Forums; Certification Courses; Skill Workshops,Distance Learning Portfolio; Technology Tests,M.Ed; Educational Technology; Distance Education,https://skillshare.com; https://udemy.com; https://coursera.org; https://edx.org; https://youtube.com/education,Adobe Creative Suite; Canva Design; Google Workspace; Microsoft Office; Coursera Creative Writing
Education,Educational Content Writer,Communication; Leadership; Teaching; Subject Knowledge; Content Writing; Educational Material,Graduation,6-15 LPA,High,Content Assistant > Educational Content Writer > Senior Educational Content Writer > Lead > Manager,Online Tutorials; Industry Publications; Professional Forums; Certification Courses; Skill Workshops,Writing Portfolio; Content Tests,Subject Graduate; Content Writing Experience,https://skillshare.com; https://udemy.com; https://coursera.org; https://edx.org; https://youtube.com/education,Adobe Creative Suite; Canva Design; Google Workspace; Microsoft Office; Coursera Creative Writing
Education,Assessment Specialist,Communication; Leadership; Teaching; Subject Knowledge; Educational Assessment; Psychometrics,Post-graduation,13-30 LPA,Medium,Assessment Assistant > Assessment Specialist > Senior Assessment Specialist > Lead > Manager,Online Tutorials; Industry Publications; Professional Forums; Certification Courses; Skill Workshops,Assessment Portfolio; Psychometric Tests,M.Ed; MA Psychology; Educational Measurement,https://skillshare.com; https://udemy.com; https://coursera.org; https://edx.org; https://youtube.com/education,Adobe Creative Suite; Canva Design; Google Workspace; Microsoft Office; Coursera Creative Writing
Education,Learning Designer,Communication; Leadership; Teaching; Subject Knowledge; Learning Design; Curriculum Development,Post-graduation,13-30 LPA,Very High,Learning Design Assistant > Learning Designer > Senior Learning Designer > Lead > Manager,Online Tutorials; Industry Publications; Professional Forums; Certification Courses; Skill Workshops,Design Portfolio; Learning Assessment,M.Ed; Instructional Design; Learning Sciences,https://skillshare.com; https://udemy.com; https://coursera.org; https://edx.org; https://youtube.com/education,Adobe Creative Suite; Canva Design; Google Workspace; Microsoft Office; Coursera Creative Writing
Education,Educational Data Analyst,Communication; Leadership; Teaching; Subject Knowledge; Data Analysis; Educational Research,Post-graduation,13-30 LPA,High,Data Assistant > Educational Data Analyst > Senior Educational Data Analyst > Lead > Manager,Online Tutorials; Industry Publications; Professional Forums; Certification Courses; Skill Workshops,Data Portfolio; Analytics Tests,M.Ed; MA Statistics; Data Analytics,https://skillshare.com; https://udemy.com; https://coursera.org; https://edx.org; https://youtube.com/education,Adobe Creative Suite; Canva Design; Google Workspace; Microsoft Office; Coursera Creative Writing
Finance,Financial Advisor,Communication; Leadership; Financial Analysis; Client Management; Investment Planning; Risk Assessment,Post-graduation,12-30 LPA,High,Financial Associate > Financial Advisor > Senior Financial Advisor > Manager > Director,LinkedIn Learning Finance; Coursera Finance; CFA Institute; Investment Courses; Financial Planning,Financial Planning Tests; CFP Exam,MBA Finance; CFA; Financial Planning,https://linkedin.com/learning; https://coursera.org/finance; https://cfainstitute.org; https://investopedia.com; https://morningstar.com,CFA; CFP; FRM; Google Analytics; Financial Modeling
Finance,Portfolio Manager,Communication; Leadership; Financial Analysis; Investment Management; Risk Assessment; Market Analysis,Post-graduation,12-30 LPA,High,Investment Associate > Portfolio Manager > Senior Portfolio Manager > Manager > Director,LinkedIn Learning Finance; Coursera Finance; CFA Institute; Investment Courses; Financial Planning,Portfolio Management Tests; CFA Exam,MBA Finance; CFA; Investment Management,https://linkedin.com/learning; https://coursera.org/finance; https://cfainstitute.org; https://investopedia.com; https://morningstar.com,CFA; CFP; FRM; Google Analytics; Financial Modeling
Finance,Credit Analyst,Communication; Leadership; Financial Analysis; Credit Assessment; Risk Evaluation; Financial Modeling,Graduation,7-18 LPA,Medium,Credit Associate > Credit Analyst > Senior Credit Analyst > Manager > Director,LinkedIn Learning Finance; Coursera Finance; CFA Institute; Investment Courses; Financial Planning,Credit Analysis Tests; Financial Modeling,MBA Finance; CA; Finance Graduate,https://linkedin.com/learning; https://coursera.org/finance; https://cfainstitute.org; https://investopedia.com; https://morningstar.com,CFA; CFP; FRM; Google Analytics; Financial Modeling
Finance,Tax Consultant,Communication; Leadership; Financial Analysis; Tax Planning; Compliance; Tax Law,Post-graduation,12-30 LPA,High,Tax Associate > Tax Consultant > Senior Tax Consultant > Manager > Director,LinkedIn Learning Finance; Coursera Finance; CFA Institute; Investment Courses; Financial Planning,Tax Law Tests; CA Exam,CA; MBA Finance; Tax Law,https://linkedin.com/learning; https://coursera.org/finance; https://cfainstitute.org; https://investopedia.com; https://morningstar.com,CFA; CFP; FRM; Google Analytics; Financial Modeling
Finance,Insurance Agent,Communication; Leadership; Financial Analysis; Sales; Risk Assessment; Client Relations,Graduation,7-18 LPA,Medium,Insurance Associate > Insurance Agent > Senior Insurance Agent > Manager > Director,LinkedIn Learning Finance; Coursera Finance; CFA Institute; Investment Courses; Financial Planning,Insurance License Tests; Sales Assessment,Finance Graduate; Insurance Certification,https://linkedin.com/learning; https://coursera.org/finance; https://cfainstitute.org; https://investopedia.com; https://morningstar.com,CFA; CFP; FRM; Google Analytics; Financial Modeling
Finance,Loan Officer,Communication; Leadership; Financial Analysis; Credit Assessment; Customer Service; Financial Products,Graduation,7-18 LPA,High,Loan Associate > Loan Officer > Senior Loan Officer > Manager > Director,LinkedIn Learning Finance; Coursera Finance; CFA Institute; Investment Courses; Financial Planning,Banking Tests; Credit Analysis,Banking Finance; MBA Finance,https://linkedin.com/learning; https://coursera.org/finance; https://cfainstitute.org; https://investopedia.com; https://morningstar.com,CFA; CFP; FRM; Google Analytics; Financial Modeling
Finance,Treasury Analyst,Communication; Leadership; Financial Analysis; Cash Management; Risk Management; Financial Modeling,Post-graduation,12-30 LPA,High,Treasury Associate > Treasury Analyst > Senior Treasury Analyst > Manager > Director,LinkedIn Learning Finance; Coursera Finance; CFA Institute; Investment Courses; Financial Planning,Treasury Management Tests; Financial Modeling,MBA Finance; CA; Finance Graduate,https://linkedin.com/learning; https://coursera.org/finance; https://cfainstitute.org; https://investopedia.com; https://morningstar.com,CFA; CFP; FRM; Google Analytics; Financial Modeling
Finance,Compliance Officer,Communication; Leadership; Financial Analysis; Regulatory Compliance; Risk Management; Policy Implementation,Post-graduation,12-30 LPA,High,Compliance Associate > Compliance Officer > Senior Compliance Officer > Manager > Director,LinkedIn Learning Finance; Coursera Finance; CFA Institute; Investment Courses; Financial Planning,Compliance Tests; Regulatory Knowledge,MBA Finance; Law; Compliance Certification,https://linkedin.com/learning; https://coursera.org/finance; https://cfainstitute.org; https://investopedia.com; https://morningstar.com,CFA; CFP; FRM; Google Analytics; Financial Modeling
Finance,Audit Manager,Communication; Leadership; Financial Analysis; Auditing; Risk Assessment; Compliance,Post-graduation,12-30 LPA,Medium,Audit Associate > Audit Manager > Senior Audit Manager > Manager > Director,LinkedIn Learning Finance; Coursera Finance; CFA Institute; Investment Courses; Financial Planning,CA Exam; Audit Certification,CA; MBA Finance; Internal Audit,https://linkedin.com/learning; https://coursera.org/finance; https://cfainstitute.org; https://investopedia.com; https://morningstar.com,CFA; CFP; FRM; Google Analytics; Financial Modeling
Finance,Controller,Communication; Leadership; Financial Analysis; Accounting; Financial Reporting; Team Management,Post-graduation,12-30 LPA,High,Accounting Associate > Controller > Senior Controller > Manager > Director,LinkedIn Learning Finance; Coursera Finance; CFA Institute; Investment Courses; Financial Planning,CA Exam; CPA Certification,CA; MBA Finance; CPA,https://linkedin.com/learning; https://coursera.org/finance; https://cfainstitute.org; https://investopedia.com; https://morningstar.com,CFA; CFP; FRM; Google Analytics; Financial Modeling
Finance,CFO,Communication; Leadership; Financial Analysis; Strategic Planning; Financial Management; Executive Leadership,Post-graduation,12-30 LPA,High,CFO > Senior CFO > Executive CFO > Lead > Manager,LinkedIn Learning Finance; Coursera Finance; CFA Institute; Investment Courses; Financial Planning,Executive Assessment; Strategic Planning,MBA Finance; CA; Executive MBA,https://linkedin.com/learning; https://coursera.org/finance; https://cfainstitute.org; https://investopedia.com; https://morningstar.com,CFA; CFP; FRM; Google Analytics; Financial Modeling
Finance,Budget Analyst,Communication; Leadership; Financial Analysis; Budget Planning; Cost Analysis; Financial Forecasting,Graduation,7-18 LPA,Medium,Budget Associate > Budget Analyst > Senior Budget Analyst > Manager > Director,LinkedIn Learning Finance; Coursera Finance; CFA Institute; Investment Courses; Financial Planning,Budget Analysis Tests; Financial Planning,Finance Graduate; MBA Finance,https://linkedin.com/learning; https://coursera.org/finance; https://cfainstitute.org; https://investopedia.com; https://morningstar.com,CFA; CFP; FRM; Google Analytics; Financial Modeling
Finance,Cost Accountant,Communication; Leadership; Financial Analysis; Cost Accounting; Manufacturing Costs; Financial Reporting,Post-graduation,12-30 LPA,Medium,Cost Associate > Cost Accountant > Senior Cost Accountant > Manager > Director,LinkedIn Learning Finance; Coursera Finance; CFA Institute; Investment Courses; Financial Planning,CA Exam; Cost Accounting Tests,CA; MBA Finance; CMA,https://linkedin.com/learning; https://coursera.org/finance; https://cfainstitute.org; https://investopedia.com; https://morningstar.com,CFA; CFP; FRM; Google Analytics; Financial Modeling
Finance,Forensic Accountant,Communication; Leadership; Financial Analysis; Fraud Investigation; Legal Knowledge; Data Analysis,Post-graduation,12-30 LPA,High,Forensic Associate > Forensic Accountant > Senior Forensic Accountant > Manager > Director,LinkedIn Learning Finance; Coursera Finance; CFA Institute; Investment Courses; Financial Planning,CA Exam; Forensic Certification,CA; MBA Finance; Forensic Accounting,https://linkedin.com/learning; https://coursera.org/finance; https://cfainstitute.org; https://investopedia.com; https://morningstar.com,CFA; CFP; FRM; Google Analytics; Financial Modeling
Finance,Real Estate Appraiser,Communication; Leadership; Financial Analysis; Property Valuation; Market Analysis; Real Estate Knowledge,Graduation,7-18 LPA,Medium,Appraiser Trainee > Real Estate Appraiser > Senior Real Estate Appraiser > Manager > Director,LinkedIn Learning Finance; Coursera Finance; CFA Institute; Investment Courses; Financial Planning,Appraiser License; Real Estate Tests,Real Estate Finance; MBA Finance,https://linkedin.com/learning; https://coursera.org/finance; https://cfainstitute.org; https://investopedia.com; https://morningstar.com,CFA; CFP; FRM; Google Analytics; Financial Modeling
Finance,Wealth Manager,Communication; Leadership; Financial Analysis; Investment Planning; Client Relations; Portfolio Management,Post-graduation,12-30 LPA,Very High,Wealth Associate > Wealth Manager > Senior Wealth Manager > Manager > Director,LinkedIn Learning Finance; Coursera Finance; CFA Institute; Investment Courses; Financial Planning,CFP Exam; Wealth Management Tests,MBA Finance; CFA; CFP,https://linkedin.com/learning; https://coursera.org/finance; https://cfainstitute.org; https://investopedia.com; https://morningstar.com,CFA; CFP; FRM; Google Analytics; Financial Modeling
Finance,Financial Planner,Communication; Leadership; Financial Analysis; Financial Planning; Investment Advice; Retirement Planning,Graduation,7-18 LPA,High,Planning Associate > Financial Planner > Senior Financial Planner > Manager > Director,LinkedIn Learning Finance; Coursera Finance; CFA Institute; Investment Courses; Financial Planning,CFP Exam; Financial Planning Tests,Finance Graduate; CFP; Financial Planning,https://linkedin.com/learning; https://coursera.org/finance; https://cfainstitute.org; https://investopedia.com; https://morningstar.com,CFA; CFP; FRM; Google Analytics; Financial Modeling
Finance,Investment Advisor,Communication; Leadership; Financial Analysis; Investment Strategy; Market Research; Client Advisory,Post-graduation,12-30 LPA,High,Investment Associate > Investment Advisor > Senior Investment Advisor > Manager > Director,LinkedIn Learning Finance; Coursera Finance; CFA Institute; Investment Courses; Financial Planning,CFA Exam; Investment Advisory Tests,MBA Finance; CFA; Investment Management,https://linkedin.com/learning; https://coursera.org/finance; https://cfainstitute.org; https://investopedia.com; https://morningstar.com,CFA; CFP; FRM; Google Analytics; Financial Modeling
Finance,Banking Associate,Communication; Leadership; Financial Analysis; Banking Operations; Customer Service; Financial Products,Graduation,7-18 LPA,High,Banking Trainee > Banking Associate > Senior Banking Associate > Manager > Director,LinkedIn Learning Finance; Coursera Finance; CFA Institute; Investment Courses; Financial Planning,Banking Tests; Customer Service,Banking Finance; MBA Finance,https://linkedin.com/learning; https://coursera.org/finance; https://cfainstitute.org; https://investopedia.com; https://morningstar.com,CFA; CFP; FRM; Google Analytics; Financial Modeling
Finance,Underwriter,Communication; Leadership; Financial Analysis; Risk Assessment; Insurance Knowledge; Credit Analysis,Graduation,7-18 LPA,Medium,Underwriter Trainee > Underwriter > Senior Underwriter > Manager > Director,LinkedIn Learning Finance; Coursera Finance; CFA Institute; Investment Courses; Financial Planning,Underwriting Tests; Risk Assessment,Finance Graduate; Insurance Certification,https://linkedin.com/learning; https://coursera.org/finance; https://cfainstitute.org; https://investopedia.com; https://morningstar.com,CFA; CFP; FRM; Google Analytics; Financial Modeling
Finance,Claims Adjuster,Communication; Leadership; Financial Analysis; Insurance Claims; Investigation; Settlement Negotiation,Graduation,7-18 LPA,Medium,Claims Trainee > Claims Adjuster > Senior Claims Adjuster > Manager > Director,LinkedIn Learning Finance; Coursera Finance; CFA Institute; Investment Courses; Financial Planning,Claims License; Insurance Tests,Finance Graduate; Insurance Certification,https://linkedin.com/learning; https://coursera.org/finance; https://cfainstitute.org; https://investopedia.com; https://morningstar.com,CFA; CFP; FRM; Google Analytics; Financial Modeling
Finance,Actuary,Communication; Leadership; Financial Analysis; Statistical Analysis; Risk Modeling; Insurance Mathematics,Post-graduation,12-30 LPA,High,Actuarial Associate > Actuary > Senior Actuary > Manager > Director,LinkedIn Learning Finance; Coursera Finance; CFA Institute; Investment Courses; Financial Planning,Actuarial Exams; Statistical Tests,Actuarial Science; Statistics; Mathematics,https://linkedin.com/learning; https://coursera.org/finance; https://cfainstitute.org; https://investopedia.com; https://morningstar.com,CFA; CFP; FRM; Google Analytics; Financial Modeling
Finance,Quantitative Analyst,Communication; Leadership; Financial Analysis; Mathematical Modeling; Programming; Statistical Analysis,Post-graduation,12-30 LPA,Very High,Quant Associate > Quantitative Analyst > Senior Quantitative Analyst > Manager > Director,LinkedIn Learning Finance; Coursera Finance; CFA Institute; Investment Courses; Financial Planning,Quantitative Tests; Programming Assessment,MBA Finance; Mathematics; Statistics,https://linkedin.com/learning; https://coursera.org/finance; https://cfainstitute.org; https://investopedia.com; https://morningstar.com,CFA; CFP; FRM; Google Analytics; Financial Modeling
Finance,Trading Analyst,Communication; Leadership; Financial Analysis; Market Analysis; Trading Systems; Risk Management,Graduation,7-18 LPA,High,Trading Associate > Trading Analyst > Senior Trading Analyst > Manager > Director,LinkedIn Learning Finance; Coursera Finance; CFA Institute; Investment Courses; Financial Planning,Trading Tests; Market Analysis,Finance Graduate; CFA; Trading Certification,https://linkedin.com/learning; https://coursera.org/finance; https://cfainstitute.org; https://investopedia.com; https://morningstar.com,CFA; CFP; FRM; Google Analytics; Financial Modeling
Finance,Financial Consultant,Communication; Leadership; Financial Analysis; Business Consulting; Financial Strategy; Client Advisory,Post-graduation,12-30 LPA,High,Consulting Associate > Financial Consultant > Senior Financial Consultant > Manager > Director,LinkedIn Learning Finance; Coursera Finance; CFA Institute; Investment Courses; Financial Planning,Consulting Cases; Financial Analysis,MBA Finance; CA; Financial Consulting,https://linkedin.com/learning; https://coursera.org/finance; https://cfainstitute.org; https://investopedia.com; https://morningstar.com,CFA; CFP; FRM; Google Analytics; Financial Modeling
Legal,Lawyer,Legal Research; Communication; Critical Thinking; Negotiation; Client Counseling; Court Advocacy,Graduation,9-20 LPA,High,Junior Lawyer > Lawyer > Senior Lawyer > Partner > Managing Partner,Legal Journals; Bar Council Resources; Law Review; Legal Databases; Court Judgments,CLAT; LSAT; State Law Entrance,LLB; BA LLB,https://manupatra.com; https://scconline.com; https://indiankanoon.org; https://lawctopus.com; https://barandbench.com,Legal Writing; Contract Drafting; Legal Research; Advocacy Skills; Legal Ethics
Legal,Corporate Lawyer,Legal Research; Communication; Critical Thinking; Negotiation; Corporate Law; Contract Drafting,Post-graduation,14-30 LPA,Very High,Junior Corporate Lawyer > Corporate Lawyer > Senior Corporate Lawyer > Partner > Managing Partner,Legal Journals; Bar Council Resources; Law Review; Legal Databases; Court Judgments,CLAT; LSAT; State Law Entrance,LLB; LLM Corporate Law,https://manupatra.com; https://scconline.com; https://indiankanoon.org; https://lawctopus.com; https://barandbench.com,Legal Writing; Contract Drafting; Legal Research; Advocacy Skills; Legal Ethics
Legal,Criminal Lawyer,Legal Research; Communication; Critical Thinking; Negotiation; Criminal Law; Trial Advocacy,Graduation,9-20 LPA,Medium,Junior Criminal Lawyer > Criminal Lawyer > Senior Criminal Lawyer > Partner > Managing Partner,Legal Journals; Bar Council Resources; Law Review; Legal Databases; Court Judgments,CLAT; LSAT; State Law Entrance,LLB; BA LLB,https://manupatra.com; https://scconline.com; https://indiankanoon.org; https://lawctopus.com; https://barandbench.com,Legal Writing; Contract Drafting; Legal Research; Advocacy Skills; Legal Ethics
Legal,Civil Rights Lawyer,Legal Research; Communication; Critical Thinking; Negotiation; Civil Rights Law; Public Interest,Post-graduation,14-30 LPA,Medium,Junior Civil Rights Lawyer > Civil Rights Lawyer > Senior Civil Rights Lawyer > Partner > Managing Partner,Legal Journals; Bar Council Resources; Law Review; Legal Databases; Court Judgments,CLAT; LSAT; State Law Entrance,LLB; LLM Human Rights,https://manupatra.com; https://scconline.com; https://indiankanoon.org; https://lawctopus.com; https://barandbench.com,Legal Writing; Contract Drafting; Legal Research; Advocacy Skills; Legal Ethics
Legal,Family Lawyer,Legal Research; Communication; Critical Thinking; Negotiation; Family Law; Mediation,Graduation,9-20 LPA,High,Junior Family Lawyer > Family Lawyer > Senior Family Lawyer > Partner > Managing Partner,Legal Journals; Bar Council Resources; Law Review; Legal Databases; Court Judgments,CLAT; LSAT; State Law Entrance,LLB; BA LLB,https://manupatra.com; https://scconline.com; https://indiankanoon.org; https://lawctopus.com; https://barandbench.com,Legal Writing; Contract Drafting; Legal Research; Advocacy Skills; Legal Ethics
Legal,Immigration Lawyer,Legal Research; Communication; Critical Thinking; Negotiation; Immigration Law; Government Relations,Post-graduation,14-30 LPA,High,Junior Immigration Lawyer > Immigration Lawyer > Senior Immigration Lawyer > Partner > Managing Partner,Legal Journals; Bar Council Resources; Law Review; Legal Databases; Court Judgments,CLAT; LSAT; State Law Entrance,LLB; LLM Immigration Law,https://manupatra.com; https://scconline.com; https://indiankanoon.org; https://lawctopus.com; https://barandbench.com,Legal Writing; Contract Drafting; Legal Research; Advocacy Skills; Legal Ethics
Legal,Intellectual Property Lawyer,Legal Research; Communication; Critical Thinking; Negotiation; IP Law; Patent Law,Post-graduation,14-30 LPA,Very High,Junior IP Lawyer > Intellectual Property Lawyer > Senior IP Lawyer > Partner > Managing Partner,Legal Journals; Bar Council Resources; Law Review; Legal Databases; Court Judgments,CLAT; LSAT; State Law Entrance,LLB; LLM Intellectual Property,https://manupatra.com; https://scconline.com; https://indiankanoon.org; https://lawctopus.com; https://barandbench.com,Legal Writing; Contract Drafting; Legal Research; Advocacy Skills; Legal Ethics
Legal,Environmental Lawyer,Legal Research; Communication; Critical Thinking; Negotiation; Environmental Law; Regulatory Compliance,Post-graduation,14-30 LPA,Medium,Junior Environmental Lawyer > Environmental Lawyer > Senior Environmental Lawyer > Partner > Managing Partner,Legal Journals; Bar Council Resources; Law Review; Legal Databases; Court Judgments,CLAT; LSAT; State Law Entrance,LLB; LLM Environmental Law,https://manupatra.com; https://scconline.com; https://indiankanoon.org; https://lawctopus.com; https://barandbench.com,Legal Writing; Contract Drafting; Legal Research; Advocacy Skills; Legal Ethics
Legal,Tax Lawyer,Legal Research; Communication; Critical Thinking; Negotiation; Tax Law; Financial Analysis,Post-graduation,14-30 LPA,High,Junior Tax Lawyer > Tax Lawyer > Senior Tax Lawyer > Partner > Managing Partner,Legal Journals; Bar Council Resources; Law Review; Legal Databases; Court Judgments,CLAT; LSAT; State Law Entrance,LLB; LLM Tax Law,https://manupatra.com; https://scconline.com; https://indiankanoon.org; https://lawctopus.com; https://barandbench.com,Legal Writing; Contract Drafting; Legal Research; Advocacy Skills; Legal Ethics
Legal,Real Estate Lawyer,Legal Research; Communication; Critical Thinking; Negotiation; Property Law; Real Estate Transactions,Graduation,9-20 LPA,High,Junior Real Estate Lawyer > Real Estate Lawyer > Senior Real Estate Lawyer > Partner > Managing Partner,Legal Journals; Bar Council Resources; Law Review; Legal Databases; Court Judgments,CLAT; LSAT; State Law Entrance,LLB; BA LLB,https://manupatra.com; https://scconline.com; https://indiankanoon.org; https://lawctopus.com; https://barandbench.com,Legal Writing; Contract Drafting; Legal Research; Advocacy Skills; Legal Ethics
Legal,Judge,Legal Research; Communication; Critical Thinking; Negotiation; Judicial Experience; Decision Making,Post-graduation,14-30 LPA,High,Judicial Magistrate > District Judge > High Court Judge > Supreme Court Judge > Chief Justice,Legal Journals; Bar Council Resources; Law Review; Legal Databases; Court Judgments,Judicial Services Exam; Civil Services,LLB; Judicial Experience; LLM,https://manupatra.com; https://scconline.com; https://indiankanoon.org; https://lawctopus.com; https://barandbench.com,Legal Writing; Contract Drafting; Legal Research; Advocacy Skills; Legal Ethics
Legal,Legal Advisor,Legal Research; Communication; Critical Thinking; Negotiation; Advisory Services; Risk Assessment,Post-graduation,14-30 LPA,High,Junior Legal Advisor > Legal Advisor > Senior Legal Advisor > Partner > Managing Partner,Legal Journals; Bar Council Resources; Law Review; Legal Databases; Court Judgments,CLAT; LSAT; State Law Entrance,LLB; LLM; Legal Advisory,https://manupatra.com; https://scconline.com; https://indiankanoon.org; https://lawctopus.com; https://barandbench.com,Legal Writing; Contract Drafting; Legal Research; Advocacy Skills; Legal Ethics
Legal,Legal Analyst,Legal Research; Communication; Critical Thinking; Negotiation; Legal Analysis; Case Research,Graduation,9-20 LPA,Medium,Junior Legal Analyst > Legal Analyst > Senior Legal Analyst > Partner > Managing Partner,Legal Journals; Bar Council Resources; Law Review; Legal Databases; Court Judgments,CLAT; LSAT; State Law Entrance,LLB; BA LLB,https://manupatra.com; https://scconline.com; https://indiankanoon.org; https://lawctopus.com; https://barandbench.com,Legal Writing; Contract Drafting; Legal Research; Advocacy Skills; Legal Ethics
Legal,Paralegal,Legal Research; Communication; Critical Thinking; Negotiation; Legal Documentation; Case Preparation,Diploma,4-12 LPA,High,Paralegal Assistant > Paralegal > Senior Paralegal > Partner > Managing Partner,Legal Journals; Bar Council Resources; Law Review; Legal Databases; Court Judgments,Paralegal Certification; Legal Studies,Diploma in Legal Studies; Paralegal Certificate,https://manupatra.com; https://scconline.com; https://indiankanoon.org; https://lawctopus.com; https://barandbench.com,Legal Writing; Contract Drafting; Legal Research; Advocacy Skills; Legal Ethics
Legal,Court Reporter,Legal Research; Communication; Critical Thinking; Negotiation; Stenography; Court Proceedings,Graduation,9-20 LPA,Medium,Court Reporter Trainee > Court Reporter > Senior Court Reporter > Partner > Managing Partner,Legal Journals; Bar Council Resources; Law Review; Legal Databases; Court Judgments,Court Reporter Exam; Stenography Test,Stenography; Court Reporting Diploma,https://manupatra.com; https://scconline.com; https://indiankanoon.org; https://lawctopus.com; https://barandbench.com,Legal Writing; Contract Drafting; Legal Research; Advocacy Skills; Legal Ethics
Legal,Legal Secretary,Legal Research; Communication; Critical Thinking; Negotiation; Legal Documentation; Office Management,Graduation,9-20 LPA,Medium,Legal Secretary Assistant > Legal Secretary > Senior Legal Secretary > Partner > Managing Partner,Legal Journals; Bar Council Resources; Law Review; Legal Databases; Court Judgments,Legal Secretary Certification; Office Management,Legal Secretary Diploma; Office Management,https://manupatra.com; https://scconline.com; https://indiankanoon.org; https://lawctopus.com; https://barandbench.com,Legal Writing; Contract Drafting; Legal Research; Advocacy Skills; Legal Ethics
Legal,Compliance Officer,Legal Research; Communication; Critical Thinking; Negotiation; Regulatory Compliance; Risk Management,Post-graduation,14-30 LPA,Very High,Compliance Associate > Compliance Officer > Senior Compliance Officer > Partner > Managing Partner,Legal Journals; Bar Council Resources; Law Review; Legal Databases; Court Judgments,Compliance Certification; Law Entrance,LLB; LLM; Compliance Studies,https://manupatra.com; https://scconline.com; https://indiankanoon.org; https://lawctopus.com; https://barandbench.com,Legal Writing; Contract Drafting; Legal Research; Advocacy Skills; Legal Ethics
Legal,Contract Specialist,Legal Research; Communication; Critical Thinking; Negotiation; Contract Law; Agreement Drafting,Graduation,9-20 LPA,High,Contract Associate > Contract Specialist > Senior Contract Specialist > Partner > Managing Partner,Legal Journals; Bar Council Resources; Law Review; Legal Databases; Court Judgments,CLAT; LSAT; State Law Entrance,LLB; BA LLB,https://manupatra.com; https://scconline.com; https://indiankanoon.org; https://lawctopus.com; https://barandbench.com,Legal Writing; Contract Drafting; Legal Research; Advocacy Skills; Legal Ethics
Legal,Patent Agent,Legal Research; Communication; Critical Thinking; Negotiation; Patent Law; Technical Knowledge,Post-graduation,14-30 LPA,Very High,Patent Associate > Patent Agent > Senior Patent Agent > Partner > Managing Partner,Legal Journals; Bar Council Resources; Law Review; Legal Databases; Court Judgments,Patent Agent Exam; Technical Background,Engineering + Patent Agent; Science + Patent,https://manupatra.com; https://scconline.com; https://indiankanoon.org; https://lawctopus.com; https://barandbench.com,Legal Writing; Contract Drafting; Legal Research; Advocacy Skills; Legal Ethics
Legal,Legal Consultant,Legal Research; Communication; Critical Thinking; Negotiation; Legal Strategy; Business Advisory,Post-graduation,14-30 LPA,High,Legal Consulting Associate > Legal Consultant > Senior Legal Consultant > Partner > Managing Partner,Legal Journals; Bar Council Resources; Law Review; Legal Databases; Court Judgments,CLAT; LSAT; State Law Entrance,LLB; LLM; MBA,https://manupatra.com; https://scconline.com; https://indiankanoon.org; https://lawctopus.com; https://barandbench.com,Legal Writing; Contract Drafting; Legal Research; Advocacy Skills; Legal Ethics
Legal,Mediator,Legal Research; Communication; Critical Thinking; Negotiation; Mediation Skills; Conflict Resolution,Post-graduation,14-30 LPA,Medium,Mediation Associate > Mediator > Senior Mediator > Partner > Managing Partner,Legal Journals; Bar Council Resources; Law Review; Legal Databases; Court Judgments,Mediation Certification; ADR Training,LLB; Mediation Certificate; ADR,https://manupatra.com; https://scconline.com; https://indiankanoon.org; https://lawctopus.com; https://barandbench.com,Legal Writing; Contract Drafting; Legal Research; Advocacy Skills; Legal Ethics
Legal,Legal Writer,Legal Research; Communication; Critical Thinking; Negotiation; Legal Writing; Content Creation,Graduation,9-20 LPA,Medium,Legal Writing Associate > Legal Writer > Senior Legal Writer > Partner > Managing Partner,Legal Journals; Bar Council Resources; Law Review; Legal Databases; Court Judgments,CLAT; LSAT; State Law Entrance,LLB; BA LLB,https://manupatra.com; https://scconline.com; https://indiankanoon.org; https://lawctopus.com; https://barandbench.com,Legal Writing; Contract Drafting; Legal Research; Advocacy Skills; Legal Ethics
Legal,Law Clerk,Legal Research; Communication; Critical Thinking; Negotiation; Case Research; Legal Documentation,Graduation,9-20 LPA,High,Law Clerk Trainee > Law Clerk > Senior Law Clerk > Partner > Managing Partner,Legal Journals; Bar Council Resources; Law Review; Legal Databases; Court Judgments,CLAT; LSAT; State Law Entrance,LLB; BA LLB,https://manupatra.com; https://scconline.com; https://indiankanoon.org; https://lawctopus.com; https://barandbench.com,Legal Writing; Contract Drafting; Legal Research; Advocacy Skills; Legal Ethics
Legal,Public Defender,Legal Research; Communication; Critical Thinking; Negotiation; Criminal Defense; Public Service,Graduation,9-20 LPA,High,Public Defender Associate > Public Defender > Senior Public Defender > Partner > Managing Partner,Legal Journals; Bar Council Resources; Law Review; Legal Databases; Court Judgments,CLAT; LSAT; State Law Entrance,LLB; BA LLB,https://manupatra.com; https://scconline.com; https://indiankanoon.org; https://lawctopus.com; https://barandbench.com,Legal Writing; Contract Drafting; Legal Research; Advocacy Skills; Legal Ethics
Design,UX/UI Designer,User Research; Wireframing; Prototyping; Design Thinking; Figma; Adobe XD,Graduation,8-18 LPA,Very High,Junior UX Designer > UX Designer > Senior UX Designer > Lead Designer > Design Director,Design Courses; UX Bootcamps; Interaction Design Foundation; Coursera Design; Adobe Training,Design Portfolio; UX Case Studies,B.Des; BFA; Design Certification,https://uxdesign.cc; https://behance.net; https://dribbble.com; https://figma.com; https://adobe.com,Google UX Design Certificate; Adobe Certified Expert; Figma Certification; UX Design Institute; Coursera UX Design
Design,Product Designer,Product Strategy; User Research; Prototyping; Visual Design; Design Systems; Cross-functional Collaboration,Graduation,9-20 LPA,Very High,Junior Product Designer > Product Designer > Senior Product Designer > Lead Designer > Design Director,Design Courses; Product Design Bootcamps; IDEO Design Kit; Coursera Product Design; Stanford d.school,Design Portfolio; Product Case Studies,B.Des; BFA; Product Design Certification,https://productdesign.tips; https://behance.net; https://medium.com/design; https://ideo.com; https://designbetter.co,Google UX Design Certificate; Adobe Certified Expert; Design Leadership Certificate; Product Design Certification; Coursera Product Design
Design,Service Designer,Service Design; Customer Journey Mapping; Systems Thinking; Research Methods; Workshop Facilitation; Design Strategy,Post-graduation,12-25 LPA,High,Service Design Associate > Service Designer > Senior Service Designer > Lead Designer > Design Director,Service Design Academy; IDEO Design Kit; Design Council; Coursera Service Design; Innovation Training,Service Design Portfolio; Journey Maps,M.Des Service Design; MBA Design Strategy; Service Design Certification,https://servicedesign.org; https://designcouncil.org.uk; https://ideo.com; https://designkit.org; https://medium.com/service-design,Service Design Certification; Design Thinking Certificate; Innovation Management; Customer Experience Certification; Design Strategy
Design,Interaction Designer,Interaction Design; Prototyping; Animation; Micro-interactions; User Interface Design; Usability Testing,Graduation,8-18 LPA,High,Junior Interaction Designer > Interaction Designer > Senior Interaction Designer > Lead Designer > Design Director,Interaction Design Foundation; Adobe After Effects; Principle App; Coursera Interaction Design; Google Design,Interaction Design Portfolio; Animation Samples,B.Des Interaction; BFA Digital Arts; Interaction Design Certification,https://interaction-design.org; https://ui-patterns.com; https://littlebigdetails.com; https://dribbble.com; https://behance.net,Google UX Design Certificate; Adobe Certified Expert; Interaction Design Foundation Certificate; Motion Design Certification; UX Design Institute
Design,Visual Designer,Visual Communication; Typography; Color Theory; Brand Identity; Layout Design; Adobe Creative Suite,Graduation,7-16 LPA,High,Junior Visual Designer > Visual Designer > Senior Visual Designer > Art Director > Creative Director,Adobe Training; Skillshare Visual Design; Coursera Graphic Design; Typography Courses; Brand Design Training,Visual Design Portfolio; Brand Projects,B.Des Visual Communication; BFA Graphic Design; Visual Design Certification,https://behance.net; https://dribbble.com; https://designspiration.com; https://awwwards.com; https://typography.com,Adobe Certified Expert; Google Digital Marketing; Canva Design Certificate; Typography Certification; Brand Design Course
Design,Design Researcher,User Research; Qualitative Methods; Quantitative Analysis; Ethnography; Survey Design; Data Visualization,Post-graduation,10-22 LPA,High,Research Associate > Design Researcher > Senior Design Researcher > Lead Researcher > Research Director,User Research Methods; Ethnographic Research; Data Analysis; Survey Design; Research Tools Training,Research Portfolio; Study Reports,M.Des Research; MA Psychology; Research Methods Certification,https://userresearch.blog; https://nngroup.com; https://usertesting.com; https://hotjar.com; https://surveymonkey.com,User Research Certification; Data Analysis Certificate; Survey Design Course; Ethnographic Methods; Research Methods Training
Design,Design Systems Designer,Design Systems; Component Libraries; Pattern Libraries; Design Tokens; Documentation; Cross-team Collaboration,Graduation,10-20 LPA,Very High,Design Systems Associate > Design Systems Designer > Senior Design Systems Designer > Lead Designer > Design Director,Design Systems University; Figma Design Systems; Adobe XD Systems; Design Tokens Course; Component Design,Design Systems Portfolio; Component Libraries,B.Des; BFA; Design Systems Certification,https://designsystems.com; https://designsystemsrepo.com; https://figma.com/design-systems; https://storybook.js.org; https://design-tokens.github.io,Figma Advanced Certification; Design Systems Certificate; Component Design Course; Design Tokens Training; Adobe Systems Expert
Design,Motion Designer,Motion Graphics; After Effects; Cinema 4D; Animation Principles; Storytelling; Video Production,Graduation,8-18 LPA,High,Junior Motion Designer > Motion Designer > Senior Motion Designer > Animation Director > Creative Director,Adobe After Effects Training; Cinema 4D Courses; Motion Graphics School; Animation Principles; Video Production,Motion Graphics Reel; Animation Portfolio,B.Des Animation; BFA Motion Graphics; Animation Certification,https://motionographer.com; https://schoolofmotion.com; https://behance.net/motion-graphics; https://vimeo.com/channels/motiondesign; https://lottiefiles.com,Adobe Certified Expert; Cinema 4D Certificate; After Effects Specialist; Motion Graphics Certification; Animation Training
Design,Brand Designer,Brand Strategy; Visual Identity; Logo Design; Brand Guidelines; Typography; Marketing Collateral,Graduation,8-17 LPA,High,Junior Brand Designer > Brand Designer > Senior Brand Designer > Brand Manager > Creative Director,Brand Design Courses; Logo Design Training; Brand Strategy; Visual Identity Design; Typography Courses,Brand Identity Portfolio; Logo Projects,B.Des Brand Design; BFA Graphic Design; Brand Strategy Certification,https://logolounge.com; https://brandnew.underconsideration.com; https://behance.net/brand-identity; https://logodesignlove.com; https://designspiration.com/brand,Adobe Certified Expert; Brand Strategy Certificate; Logo Design Course; Typography Certification; Brand Identity Training
Design,Design Manager,Team Leadership; Design Strategy; Project Management; Design Process; Cross-functional Collaboration; Design Operations,Post-graduation,15-30 LPA,High,Senior Designer > Design Manager > Senior Design Manager > Design Director > VP Design,Design Leadership; Management Training; Design Operations; Strategic Design; Team Management Courses,Management Portfolio; Team Projects,M.Des; MBA; Design Leadership Certification,https://designbetter.co; https://designoperations.com; https://designleadership.io; https://invisionapp.com/design-better; https://medium.com/design-leadership,Design Leadership Certificate; Management Training; Strategic Design Course; Design Operations Certification; Executive Leadership
Design,Information Designer,Data Visualization; Infographic Design; Information Architecture; Statistical Design; Visual Storytelling; Dashboard Design,Graduation,9-19 LPA,High,Information Design Associate > Information Designer > Senior Information Designer > Lead Designer > Design Director,Data Visualization Courses; Infographic Design; D3.js Training; Tableau Design; Information Architecture,Information Design Portfolio; Data Visualizations,B.Des Information Design; Data Visualization Certification; Information Architecture,https://informationisbeautiful.net; https://flowingdata.com; https://datavizproject.com; https://tableau.com/learn; https://d3js.org,Tableau Desktop Specialist; Data Visualization Certificate; Information Architecture; D3.js Certification; Dashboard Design Course
Design,Design Strategist,Design Strategy; Business Strategy; Innovation; Design Thinking; Strategic Planning; Market Research,Post-graduation,14-28 LPA,High,Strategy Associate > Design Strategist > Senior Design Strategist > Strategy Director > Chief Design Officer,Design Strategy Courses; Business Strategy; Innovation Management; Design Thinking; Strategic Planning,Strategy Portfolio; Innovation Projects,MBA Design Strategy; M.Des Strategy; Strategic Design Certification,https://designcouncil.org.uk; https://ideo.com/approach; https://designthinking.ideo.com; https://strategy-business.com; https://designbetter.co/strategy,Design Strategy Certificate; Business Strategy Course; Innovation Management; Design Thinking Certification; Strategic Planning
Design,Design Consultant,Design Advisory; Client Management; Design Audit; Strategic Recommendations; Design Implementation; Business Development,Post-graduation,12-25 LPA,High,Design Associate > Design Consultant > Senior Design Consultant > Principal Consultant > Design Partner,Design Consulting; Client Management; Business Advisory; Design Strategy; Consulting Skills,Consulting Portfolio; Client Projects,M.Des; MBA; Design Consulting Certification,https://designconsulting.com; https://ideo.com/consulting; https://fjord.com; https://designit.com; https://continuum.net,Design Strategy Certificate; Business Advisory; Consulting Skills; Client Management; Strategic Design
Design,Design Educator,Design Pedagogy; Curriculum Development; Student Mentorship; Design Theory; Research; Academic Writing,Post-graduation,10-20 LPA,Medium,Teaching Assistant > Design Educator > Senior Design Educator > Professor > Department Head,Design Education; Teaching Methods; Curriculum Design; Academic Research; Educational Technology,Academic Portfolio; Research Publications,M.Des; PhD Design; Teaching Certification,https://designresearch.org; https://designeducation.org; https://core77.com/education; https://aiga.org/education; https://designobserver.com/education,Teaching Certification; Design Education Certificate; Academic Research Methods; Curriculum Development; Educational Leadership
Design,Creative Technologist,Creative Coding; Interactive Design; Emerging Technologies; Prototyping; Technical Implementation; Innovation,Graduation,10-22 LPA,Very High,Creative Tech Associate > Creative Technologist > Senior Creative Technologist > Tech Lead > Innovation Director,Creative Coding; Interactive Design; AR/VR Development; Machine Learning for Design; Emerging Tech,Creative Technology Portfolio; Interactive Projects,B.Des Technology; Computer Science + Design; Creative Technology Certification,https://creativeapplications.net; https://processing.org; https://openframeworks.cc; https://threejs.org; https://ml5js.org,Creative Coding Certificate; Interactive Design Course; AR/VR Development; Machine Learning Fundamentals; Emerging Technology Training
Media,Content Creator,Content Strategy; Video Production; Social Media; Storytelling; Editing; Audience Engagement,Graduation,6-15 LPA,Very High,Junior Content Creator > Content Creator > Senior Content Creator > Content Manager > Creative Director,Content Creation Courses; Video Production; Social Media Marketing; Storytelling; Digital Marketing,Content Portfolio; Social Media Presence,BA Mass Communication; Content Creation Certification; Digital Marketing,https://creatoreconomy.so; https://youtube.com/creators; https://later.com/blog; https://hootsuite.com/resources; https://canva.com/learn,Google Digital Marketing; Facebook Blueprint; YouTube Creator Academy; Hootsuite Certification; Canva Content Creator
Media,Video Producer,Video Production; Pre-production; Post-production; Project Management; Budgeting; Creative Direction,Graduation,8-18 LPA,High,Assistant Producer > Video Producer > Senior Producer > Executive Producer > Production Director,Video Production Courses; Film School; Adobe Premiere; Final Cut Pro; Production Management,Video Production Portfolio; Producer Credits,BA Film Production; Video Production Certification; Film Studies,https://nofilmschool.com; https://premiumbeat.com/blog; https://videomaker.com; https://producersguild.org; https://adobe.com/products/premiere,Adobe Certified Expert; Avid Certification; Final Cut Pro Certification; Producer Guild Training; Video Production Certificate
Media,Social Media Manager,Social Media Strategy; Content Planning; Community Management; Analytics; Paid Advertising; Brand Voice,Graduation,7-16 LPA,Very High,Social Media Associate > Social Media Manager > Senior Social Media Manager > Social Media Director > Digital Marketing Director,Social Media Marketing; Community Management; Social Analytics; Paid Social Advertising; Content Strategy,Social Media Portfolio; Campaign Results,BA Marketing; Social Media Certification; Digital Marketing,https://socialmediaexaminer.com; https://sproutsocial.com/insights; https://buffer.com/resources; https://hootsuite.com/resources; https://facebook.com/business/learn,Facebook Blueprint; Google Ads; Hootsuite Certification; HubSpot Social Media; Twitter Flight School
Media,Digital Marketing Specialist,Digital Marketing; SEO; PPC; Email Marketing; Marketing Automation; Performance Analytics,Graduation,8-17 LPA,Very High,Digital Marketing Associate > Digital Marketing Specialist > Senior Digital Marketing Specialist > Digital Marketing Manager > Marketing Director,Digital Marketing Courses; SEO Training; PPC Certification; Email Marketing; Marketing Analytics,Digital Marketing Portfolio; Campaign Performance,BA Marketing; Digital Marketing Certification; Performance Marketing,https://moz.com/blog; https://searchengineland.com; https://marketingland.com; https://hubspot.com/marketing; https://google.com/ads/learn,Google Ads Certification; Google Analytics; Facebook Blueprint; HubSpot Certification; SEMrush Certification
Media,Podcast Producer,Podcast Production; Audio Editing; Show Format Development; Guest Coordination; Distribution Strategy; Monetization,Graduation,6-14 LPA,High,Podcast Assistant > Podcast Producer > Senior Podcast Producer > Executive Producer > Network Director,Podcast Production; Audio Engineering; Interviewing Skills; Content Strategy; Distribution Platforms,Podcast Portfolio; Show Credits,BA Media Production; Podcast Production Certification; Audio Engineering,https://podcast-marketing.com; https://buzzsprout.com/blog; https://anchor.fm/blog; https://podcastinsights.com; https://spotify.com/podcasters,Podcast Production Certificate; Audio Engineering; Content Creation Course; Interview Training; Distribution Strategy
Media,Multimedia Journalist,Digital Journalism; Video Reporting; Social Media; Multimedia Storytelling; News Writing; Live Reporting,Graduation,7-15 LPA,Medium,Reporter > Multimedia Journalist > Senior Journalist > News Editor > News Director,Journalism School; Multimedia Reporting; Video Journalism; Digital Storytelling; News Writing,Journalism Portfolio; Published Articles,BA Journalism; Multimedia Journalism Certification; Digital Media,https://poynter.org; https://journalism.org; https://niemanlab.org; https://cjr.org; https://mediagazer.com,Digital Journalism Certificate; Video Journalism Course; Social Media for Journalists; News Writing Certification; Multimedia Storytelling
Media,Media Planner,Media Planning; Audience Analysis; Budget Management; Campaign Optimization; Media Buying; Performance Measurement,Graduation,8-18 LPA,High,Media Planning Associate > Media Planner > Senior Media Planner > Media Planning Manager > Media Director,Media Planning Courses; Advertising Strategy; Audience Research; Campaign Management; Media Analytics,Media Planning Portfolio; Campaign Results,BA Advertising; Media Planning Certification; Marketing Analytics,https://mediapost.com; https://adweek.com; https://adage.com; https://thinkwithgoogle.com; https://facebook.com/business/learn,Google Ads Certification; Facebook Blueprint; Media Planning Certificate; Audience Analytics; Campaign Management
Media,Content Strategist,Content Strategy; Editorial Planning; SEO Content; Brand Voice; Content Marketing; Performance Analysis,Graduation,9-19 LPA,Very High,Content Associate > Content Strategist > Senior Content Strategist > Content Marketing Manager > Marketing Director,Content Strategy Courses; Content Marketing; SEO Writing; Editorial Planning; Brand Strategy,Content Strategy Portfolio; Content Performance,BA English; Content Strategy Certification; Digital Marketing,https://contentmarketinginstitute.com; https://copyblogger.com; https://moz.com/blog; https://hubspot.com/content-marketing; https://semrush.com/blog,Content Marketing Certification; SEO Writing Course; Brand Strategy; Editorial Planning; Content Analytics
Media,Public Relations Specialist,PR Strategy; Media Relations; Crisis Communication; Press Release Writing; Event Management; Reputation Management,Graduation,7-16 LPA,High,PR Associate > PR Specialist > Senior PR Specialist > PR Manager > Communications Director,Public Relations Courses; Media Relations; Crisis Communication; PR Writing; Event Management,PR Portfolio; Media Coverage,BA Public Relations; PR Certification; Communications,https://prsa.org; https://prweek.com; https://ragan.com; https://bulldog-reporter.com; https://prnewsonline.com,APR Certification; PR Planning Certificate; Crisis Communication; Media Relations Training; Event Management
Media,Brand Manager,Brand Strategy; Brand Development; Marketing Campaigns; Brand Guidelines; Market Research; Cross-functional Leadership,Post-graduation,12-24 LPA,High,Brand Associate > Brand Manager > Senior Brand Manager > Brand Director > Marketing Director,Brand Management; Brand Strategy; Marketing Management; Consumer Insights; Campaign Management,Brand Management Portfolio; Campaign Results,MBA Marketing; Brand Management Certification; Marketing Strategy,https://marketingweek.com; https://brandingmag.com; https://adweek.com; https://campaignlive.com; https://strategy-business.com,Brand Strategy Certificate; Marketing Management; Consumer Insights; Campaign Planning; Brand Development
Media,Communications Manager,Corporate Communications; Internal Communications; External Communications; Stakeholder Management; Content Creation; Event Coordination,Post-graduation,10-20 LPA,High,Communications Associate > Communications Manager > Senior Communications Manager > Communications Director > VP Communications,Corporate Communications; Internal Communications; Stakeholder Management; Strategic Communications; Crisis Management,Communications Portfolio; Communication Plans,BA Communications; MBA; Communications Certification,https://iabc.com; https://ragan.com; https://communicatemagazine.com; https://prsa.org; https://commpro.biz,Strategic Communications Certificate; Internal Communications; Crisis Communication; Stakeholder Management; Executive Communications
Media,Media Relations Manager,Media Relations; Press Strategy; Journalist Relations; Media Monitoring; Crisis Communication; Press Event Management,Post-graduation,11-22 LPA,High,Media Relations Associate > Media Relations Manager > Senior Media Relations Manager > Communications Director > VP Communications,Media Relations Training; PR Strategy; Journalist Relations; Crisis Communication; Press Management,Media Relations Portfolio; Press Coverage,BA Public Relations; Media Relations Certification; Communications,https://prsa.org; https://mediarelations.com; https://ragan.com; https://prweek.com; https://bulldog-reporter.com,Media Relations Certificate; PR Strategy; Crisis Communication; Press Management; Journalist Relations
Media,Creative Director,Creative Strategy; Campaign Development; Team Leadership; Brand Vision; Creative Direction; Client Management,Post-graduation,15-30 LPA,High,Art Director > Creative Director > Senior Creative Director > Executive Creative Director > Chief Creative Officer,Creative Leadership; Art Direction; Campaign Strategy; Creative Development; Team Management,Creative Portfolio; Campaign Credits,MBA Marketing; Creative Direction Certification; Art Direction,https://adweek.com; https://creativereview.co.uk; https://adsoftheworld.com; https://dandad.org; https://oneshow.org,Creative Leadership Certificate; Art Direction Course; Campaign Strategy; Creative Development; Team Leadership
Media,Digital Content Manager,Content Management; Digital Strategy; Content Operations; Team Coordination; Performance Analysis; Content Distribution,Graduation,8-17 LPA,High,Content Associate > Digital Content Manager > Senior Content Manager > Content Director > Digital Marketing Director,Content Management; Digital Strategy; Content Operations; Team Management; Content Analytics,Content Management Portfolio; Team Leadership,BA Digital Media; Content Management Certification; Digital Strategy,https://contentmarketinginstitute.com; https://copyblogger.com; https://contenttools.com; https://kapost.com; https://curata.com,Content Management Certificate; Digital Strategy; Content Operations; Team Leadership; Performance Analytics
Media,Advertising Account Manager,Client Relationship Management; Campaign Management; Strategic Planning; Budget Management; Cross-functional Coordination; Performance Reporting,Post-graduation,10-20 LPA,High,Account Associate > Advertising Account Manager > Senior Account Manager > Account Director > Client Services Director,Account Management; Client Relations; Campaign Strategy; Project Management; Advertising Strategy,Account Management Portfolio; Client Results,MBA Marketing; Account Management Certification; Advertising Strategy,https://adweek.com; https://campaignlive.com; https://adage.com; https://4as.org; https://iab.com,Account Planning Certificate; Client Management; Campaign Strategy; Project Management; Advertising Strategy
Marketing,Digital Marketing Manager,Digital Strategy; SEO; SEM; Social Media Marketing; Email Marketing; Marketing Analytics; Campaign Management,Post-graduation,12-25 LPA,Very High,Digital Marketing Executive > Digital Marketing Manager > Senior Digital Marketing Manager > Marketing Director > CMO,Google Digital Marketing; HubSpot Academy; Facebook Blueprint; Digital Marketing Institute; Coursera Marketing,Google Ads; Facebook Blueprint; HubSpot Inbound Marketing,MBA Marketing; Digital Marketing Certification; Google Analytics,https://marketingland.com; https://moz.com; https://hubspot.com/marketing; https://searchengineland.com; https://socialmediaexaminer.com,Google Ads Certification; Facebook Blueprint; HubSpot Content Marketing; Google Analytics; SEMrush Certification
Marketing,Performance Marketing Specialist,Paid Advertising; Conversion Optimization; A/B Testing; ROI Analysis; Attribution Modeling; Campaign Scaling,Graduation,9-20 LPA,Very High,Performance Marketing Associate > Performance Marketing Specialist > Senior Performance Specialist > Growth Manager > Marketing Director,Performance Marketing Courses; Google Ads Academy; Facebook Ads Training; Growth Marketing; Conversion Optimization,Campaign Performance; ROI Metrics,BA Marketing; Performance Marketing Certification; Growth Marketing,https://growthmarketingpro.com; https://conversionxl.com; https://unbounce.com/blog; https://optimizely.com/optimization-glossary; https://google.com/ads/learn,Google Ads Certification; Facebook Blueprint; Growth Marketing Certificate; Conversion Optimization; Attribution Analytics
Marketing,Content Marketing Manager,Content Strategy; SEO Content; Editorial Planning; Content Creation; Distribution Strategy; Performance Measurement,Graduation,10-20 LPA,Very High,Content Marketing Executive > Content Marketing Manager > Senior Content Manager > Marketing Director > CMO,Content Marketing Institute; HubSpot Content Marketing; SEO Content Writing; Editorial Strategy; Content Analytics,Content Marketing Portfolio; SEO Results,BA English; Content Marketing Certification; SEO Certification,https://contentmarketinginstitute.com; https://copyblogger.com; https://hubspot.com/content-marketing; https://semrush.com/blog; https://ahrefs.com/blog,HubSpot Content Marketing; Google Analytics; SEO Certification; Content Strategy Certificate; Editorial Planning
Marketing,Email Marketing Specialist,Email Marketing; Marketing Automation; Segmentation; A/B Testing; Deliverability; Customer Journey Mapping,Graduation,8-17 LPA,High,Email Marketing Associate > Email Marketing Specialist > Senior Email Specialist > Marketing Manager > Marketing Director,Email Marketing Courses; Marketing Automation; Customer Journey Mapping; Email Design; Deliverability Training,Email Campaign Results; Automation Workflows,BA Marketing; Email Marketing Certification; Marketing Automation,https://emailmonday.com; https://reallygoodemails.com; https://mailchimp.com/resources; https://campaignmonitor.com/resources; https://litmus.com/blog,HubSpot Email Marketing; Mailchimp Certification; Marketing Automation; Email Deliverability; Customer Journey Mapping
Marketing,SEO Specialist,SEO Strategy; Keyword Research; On-page Optimization; Link Building; Technical SEO; SEO Analytics,Graduation,8-18 LPA,Very High,SEO Associate > SEO Specialist > Senior SEO Specialist > SEO Manager > Digital Marketing Director,SEO Training; Keyword Research; Link Building; Technical SEO; SEO Tools Training,SEO Performance; Ranking Improvements,BA Marketing; SEO Certification; Digital Marketing,https://moz.com/blog; https://searchengineland.com; https://ahrefs.com/blog; https://semrush.com/blog; https://backlinko.com,Google Analytics; SEMrush Certification; Ahrefs Certification; Moz SEO Certification; Technical SEO Course
Marketing,Social Media Marketing Manager,Social Media Strategy; Community Management; Influencer Marketing; Social Advertising; Content Creation; Social Analytics,Graduation,9-19 LPA,Very High,Social Media Executive > Social Media Marketing Manager > Senior Social Media Manager > Digital Marketing Director > CMO,Social Media Marketing; Community Management; Influencer Marketing; Social Media Advertising; Content Creation,Social Media Growth; Engagement Metrics,BA Marketing; Social Media Marketing Certification; Digital Marketing,https://socialmediaexaminer.com; https://sproutsocial.com/insights; https://buffer.com/resources; https://hootsuite.com/resources; https://later.com/blog,Facebook Blueprint; Google Ads; Hootsuite Certification; Social Media Marketing Certificate; Influencer Marketing Course
Marketing,Brand Marketing Manager,Brand Strategy; Brand Positioning; Brand Communication; Campaign Development; Market Research; Brand Guidelines,Post-graduation,12-24 LPA,High,Brand Marketing Executive > Brand Marketing Manager > Senior Brand Manager > Brand Director > CMO,Brand Marketing; Brand Strategy; Brand Positioning; Campaign Development; Market Research,Brand Campaign Results; Brand Performance,MBA Marketing; Brand Marketing Certification; Strategic Marketing,https://marketingweek.com; https://brandingmag.com; https://adweek.com; https://campaignlive.com; https://strategy-business.com,Brand Strategy Certificate; Campaign Management; Market Research Certification; Brand Development; Strategic Marketing
Marketing,Growth Marketing Manager,Growth Strategy; User Acquisition; Retention Marketing; Funnel Optimization; Product Marketing; Data Analytics,Post-graduation,13-26 LPA,Very High,Growth Marketing Associate > Growth Marketing Manager > Senior Growth Manager > VP Growth > Chief Growth Officer,Growth Marketing; User Acquisition; Retention Strategies; Funnel Optimization; Product Marketing; Growth Analytics,Growth Metrics; User Acquisition,MBA Marketing; Growth Marketing Certification; Product Marketing,https://growthmarketingpro.com; https://andrewchen.com; https://growthhackers.com; https://reforge.com; https://firstround.com/review,Growth Marketing Certificate; User Acquisition Course; Retention Marketing; Funnel Optimization; Product Marketing
Marketing,Influencer Marketing Manager,Influencer Strategy; Influencer Relations; Campaign Management; Contract Negotiation; Performance Tracking; Creator Economy,Graduation,8-18 LPA,Very High,Influencer Marketing Associate > Influencer Marketing Manager > Senior Influencer Manager > Marketing Director > CMO,Influencer Marketing; Creator Economy; Campaign Management; Influencer Relations; Performance Analytics,Influencer Campaign Results; ROI Metrics,BA Marketing; Influencer Marketing Certification; Social Media Marketing,https://influencermarketinghub.com; https://klear.com/blog; https://upfluence.com/blog; https://grin.co/blog; https://aspireiq.com/blog,Influencer Marketing Certificate; Creator Economy Course; Campaign Management; Performance Analytics; Social Media Strategy
Marketing,Product Marketing Manager,Product Positioning; Go-to-Market Strategy; Competitive Analysis; Sales Enablement; Product Launches; Market Research,Post-graduation,14-28 LPA,Very High,Product Marketing Associate > Product Marketing Manager > Senior Product Marketing Manager > Director Product Marketing > VP Marketing,Product Marketing; Go-to-Market Strategy; Competitive Analysis; Sales Enablement; Product Launches,Product Launch Results; Market Positioning,MBA Marketing; Product Marketing Certification; Strategic Marketing,https://productmarketingalliance.com; https://pmmcommunity.org; https://openviewpartners.com; https://firstround.com/review; https://a16z.com,Product Marketing Certificate; Go-to-Market Strategy; Competitive Intelligence; Sales Enablement; Product Launch Strategy
Marketing,Marketing Analytics Manager,Marketing Analytics; Data Analysis; Attribution Modeling; ROI Measurement; Dashboard Creation; Marketing Mix Modeling,Post-graduation,12-24 LPA,Very High,Marketing Analyst > Marketing Analytics Manager > Senior Analytics Manager > Director Analytics > VP Marketing,Marketing Analytics; Data Analysis; Attribution Modeling; Marketing Mix Modeling; Dashboard Development,Analytics Reports; ROI Analysis,MBA Marketing; Marketing Analytics Certification; Data Analytics,https://marketingaccountability.org; https://analytics.google.com/analytics/academy; https://mixpanel.com/blog; https://amplitude.com/blog; https://kissmetrics.com/blog,Google Analytics Certification; Adobe Analytics; Marketing Analytics Certificate; Data Analysis; Attribution Modeling
Marketing,CRM Marketing Manager,CRM Strategy; Customer Segmentation; Lifecycle Marketing; Personalization; Customer Retention; Database Marketing,Post-graduation,11-22 LPA,High,CRM Marketing Associate > CRM Marketing Manager > Senior CRM Manager > Customer Marketing Director > VP Marketing,CRM Marketing; Customer Segmentation; Lifecycle Marketing; Personalization; Customer Retention,CRM Performance; Customer Retention,MBA Marketing; CRM Marketing Certification; Customer Analytics,https://salesforce.com/resources/articles/crm; https://hubspot.com/customer-success; https://mailchimp.com/marketing-glossary/crm; https://klaviyo.com/blog; https://braze.com/resources,Salesforce Certification; HubSpot CRM; Customer Analytics; Lifecycle Marketing; Personalization Strategy
Marketing,Affiliate Marketing Manager,Affiliate Program Management; Partner Recruitment; Commission Structures; Performance Tracking; Relationship Management; Fraud Prevention,Graduation,9-19 LPA,High,Affiliate Marketing Associate > Affiliate Marketing Manager > Senior Affiliate Manager > Partnership Director > VP Partnerships,Affiliate Marketing; Partner Management; Commission Structures; Performance Tracking; Relationship Management,Affiliate Revenue; Partner Performance,BA Marketing; Affiliate Marketing Certification; Partnership Marketing,https://affiliateinsider.com; https://performancemarketingworld.com; https://affiliatefix.com; https://offervault.com; https://clickbank.com/blog,Affiliate Marketing Certificate; Partnership Management; Performance Analytics; Commission Strategy; Partner Recruitment
Marketing,Event Marketing Manager,Event Strategy; Event Planning; Trade Shows; Webinars; Event ROI; Vendor Management; Attendee Engagement,Graduation,10-20 LPA,High,Event Marketing Associate > Event Marketing Manager > Senior Event Manager > Marketing Director > CMO,Event Marketing; Event Planning; Trade Show Management; Webinar Strategy; Event ROI,Event Success Metrics; Attendance Growth,BA Marketing; Event Marketing Certification; Event Management,https://eventmarketer.com; https://meetingsnet.com; https://bizbash.com; https://successful-meetings.com; https://pcma.org,Event Management Certification; Trade Show Marketing; Webinar Strategy; Event ROI; Attendee Engagement
Marketing,Marketing Operations Manager,Marketing Operations; Marketing Technology; Process Optimization; Campaign Operations; Data Management; Marketing Automation,Post-graduation,13-25 LPA,Very High,Marketing Operations Associate > Marketing Operations Manager > Senior Marketing Ops Manager > Director Marketing Operations > VP Marketing,Marketing Operations; Marketing Technology; Process Optimization; Campaign Operations; Marketing Automation,Operational Efficiency; Campaign Performance,MBA Marketing; Marketing Operations Certification; Marketing Technology,https://marketingops.com; https://mopslife.com; https://revops.com; https://salesforce.com/resources/articles/marketing-ops; https://hubspot.com/marketing-operations,Marketing Operations Certificate; Marketing Technology; Process Optimization; Campaign Operations; Marketing Automation
Sales,Sales Representative,Sales Prospecting; Lead Generation; Customer Relationship Building; Product Knowledge; Negotiation; CRM Management,Graduation,6-15 LPA,Very High,Sales Trainee > Sales Representative > Senior Sales Rep > Sales Manager > Sales Director,Sales Training; CRM Systems; Negotiation Skills; Product Knowledge; Customer Relations,Sales Performance; Revenue Achievement,BA Business; Sales Certification; Customer Relations,https://hubspot.com/sales; https://salesforce.com/resources/articles/sales-tips; https://saleshacker.com; https://sales.org; https://aa-isp.org,Salesforce Certification; HubSpot Sales; Sales Methodology; CRM Management; Negotiation Skills
Sales,Account Executive,Account Management; Client Relationships; Revenue Growth; Contract Negotiation; Strategic Planning; Cross-selling,Post-graduation,10-22 LPA,Very High,Sales Associate > Account Executive > Senior Account Executive > Account Manager > Sales Director,Account Management; Client Relations; Strategic Selling; Contract Negotiation; Revenue Growth,Account Growth; Client Retention,MBA Sales; Account Management Certification; Strategic Selling,https://salesforce.com/resources/articles/account-management; https://hubspot.com/customer-success; https://kapta.com/blog; https://clientsuccess.com/blog; https://gainsight.com/resources,Account Management Certification; Strategic Selling; Client Success; Contract Negotiation; Revenue Growth
Sales,Business Development Manager,Business Development; Partnership Building; Market Expansion; Strategic Planning; Lead Generation; Relationship Management,Post-graduation,12-25 LPA,Very High,Business Development Associate > Business Development Manager > Senior BD Manager > VP Business Development > Chief Revenue Officer,Business Development; Partnership Strategy; Market Expansion; Strategic Planning; Lead Generation,Business Growth; Partnership Revenue,MBA Business Development; Strategic Partnerships; Business Growth,https://salesforce.com/resources/articles/business-development; https://hubspot.com/business-development; https://linkedin.com/business/sales; https://outreach.io/blog; https://salesloft.com/resources,Business Development Certificate; Partnership Strategy; Market Expansion; Strategic Planning; Relationship Management
Sales,Sales Manager,Team Leadership; Sales Strategy; Performance Management; Coaching; Territory Management; Revenue Planning,Post-graduation,13-26 LPA,High,Senior Sales Rep > Sales Manager > Senior Sales Manager > Regional Sales Manager > VP Sales,Sales Management; Team Leadership; Performance Coaching; Sales Strategy; Territory Management,Team Performance; Revenue Achievement,MBA Sales; Sales Management Certification; Leadership Training,https://salesforce.com/resources/articles/sales-management; https://hubspot.com/sales-management; https://salesmanagement.org; https://aa-isp.org; https://sales.org,Sales Management Certification; Leadership Training; Performance Coaching; Sales Strategy; Team Management
Sales,Inside Sales Specialist,Inside Sales; Phone Sales; Email Prospecting; CRM Management; Lead Qualification; Sales Conversion,Graduation,7-16 LPA,Very High,Inside Sales Associate > Inside Sales Specialist > Senior Inside Sales > Inside Sales Manager > Sales Director,Inside Sales Training; CRM Systems; Phone Sales; Email Prospecting; Lead Qualification,Sales Conversion; Lead Quality,BA Business; Inside Sales Certification; CRM Training,https://aa-isp.org; https://salesforce.com/resources/articles/inside-sales; https://hubspot.com/inside-sales; https://outreach.io/blog; https://salesloft.com/resources,Inside Sales Certification; CRM Management; Phone Sales Training; Email Prospecting; Lead Qualification
Sales,Sales Operations Analyst,Sales Analytics; Process Optimization; Sales Forecasting; Territory Planning; Commission Management; Sales Technology,Post-graduation,10-20 LPA,High,Sales Operations Associate > Sales Operations Analyst > Senior Sales Ops Analyst > Sales Operations Manager > VP Sales Operations,Sales Operations; Sales Analytics; Process Optimization; Sales Forecasting; Territory Planning,Operational Efficiency; Sales Performance,MBA Operations; Sales Operations Certification; Sales Analytics,https://salesops.com; https://salesforce.com/resources/articles/sales-ops; https://hubspot.com/sales-operations; https://revops.com; https://salesoperations.org,Sales Operations Certificate; Sales Analytics; Process Optimization; Sales Forecasting; Sales Technology
Sales,Channel Sales Manager,Channel Strategy; Partner Management; Channel Development; Partner Training; Channel Marketing; Performance Management,Post-graduation,12-24 LPA,High,Channel Sales Associate > Channel Sales Manager > Senior Channel Manager > Director Channel Sales > VP Channel Sales,Channel Sales; Partner Management; Channel Development; Partner Training; Channel Strategy,Channel Revenue; Partner Performance,MBA Sales; Channel Sales Certification; Partner Management,https://salesforce.com/resources/articles/channel-sales; https://channelpartnersonline.com; https://partnerfleet.com/blog; https://crossbeam.com/blog; https://partnerhub.app/blog,Channel Sales Certification; Partner Management; Channel Development; Partner Training; Channel Strategy
Sales,Regional Sales Manager,Regional Management; Territory Strategy; Team Leadership; Sales Planning; Market Development; Performance Management,Post-graduation,15-30 LPA,High,Area Sales Manager > Regional Sales Manager > Senior Regional Manager > National Sales Manager > VP Sales,Regional Sales Management; Territory Strategy; Team Leadership; Market Development; Sales Planning,Regional Revenue; Market Share,MBA Sales; Regional Sales Management; Territory Management,https://salesforce.com/resources/articles/regional-sales; https://hubspot.com/regional-sales; https://sales.org; https://salesmanagement.org; https://aa-isp.org,Regional Sales Management; Territory Strategy; Team Leadership; Market Development; Performance Management
Sales,Key Account Manager,Key Account Management; Strategic Account Planning; Relationship Management; Revenue Growth; Contract Management; Executive Selling,Post-graduation,14-28 LPA,High,Account Manager > Key Account Manager > Senior Key Account Manager > National Account Manager > VP Strategic Accounts,Key Account Management; Strategic Account Planning; Relationship Management; Executive Selling; Revenue Growth,Account Revenue; Client Satisfaction,MBA Sales; Key Account Management Certification; Strategic Selling,https://kapta.com/blog; https://salesforce.com/resources/articles/key-account-management; https://hubspot.com/key-accounts; https://strategic-ic.com; https://sama.org,Key Account Management Certificate; Strategic Account Planning; Executive Selling; Relationship Management; Revenue Growth
Sales,Sales Trainer,Sales Training; Curriculum Development; Performance Coaching; Training Delivery; Skills Assessment; Learning & Development,Post-graduation,11-22 LPA,High,Training Associate > Sales Trainer > Senior Sales Trainer > Training Manager > VP Learning & Development,Sales Training; Training Development; Performance Coaching; Curriculum Design; Training Delivery,Training Effectiveness; Sales Performance,MBA HR; Sales Training Certification; Learning & Development,https://salesforce.com/resources/articles/sales-training; https://sales.org; https://trainingindustry.com; https://ati.com; https://richardson.com,Sales Training Certification; Training Development; Performance Coaching; Curriculum Design; Learning & Development
Sales,Customer Success Manager,Customer Success; Account Management; Customer Retention; Upselling; Customer Onboarding; Relationship Management,Post-graduation,11-23 LPA,Very High,Customer Success Associate > Customer Success Manager > Senior Customer Success Manager > Director Customer Success > VP Customer Success,Customer Success; Account Management; Customer Retention; Customer Onboarding; Relationship Management,Customer Retention; Account Growth,MBA Customer Success; Customer Success Certification; Account Management,https://customersuccessassociation.com; https://gainsight.com/resources; https://clientsuccess.com/blog; https://totango.com/blog; https://churnzero.net/blog,Customer Success Certification; Account Management; Customer Retention; Customer Onboarding; Relationship Management
Sales,Sales Development Representative,Lead Generation; Prospecting; Qualifying Leads; Cold Calling; Email Outreach; CRM Management,Graduation,6-14 LPA,Very High,SDR Trainee > Sales Development Representative > Senior SDR > SDR Team Lead > Sales Manager,Lead Generation; Prospecting; Cold Calling; Email Outreach; Lead Qualification,Lead Generation; Qualification Rate,BA Business; SDR Certification; Lead Generation,https://salesforce.com/resources/articles/sdr; https://outreach.io/blog; https://salesloft.com/resources; https://aa-isp.org; https://salesdev.org,SDR Certification; Lead Generation; Prospecting; Cold Calling; Email Outreach
Sales,Enterprise Sales Manager,Enterprise Sales; Complex Sales; Stakeholder Management; Solution Selling; Contract Negotiation; Account Planning,Post-graduation,18-35 LPA,High,Enterprise Sales Associate > Enterprise Sales Manager > Senior Enterprise Manager > Director Enterprise Sales > VP Enterprise Sales,Enterprise Sales; Solution Selling; Complex Sales; Stakeholder Management; Account Planning,Enterprise Revenue; Deal Size,MBA Sales; Enterprise Sales Certification; Solution Selling,https://salesforce.com/resources/articles/enterprise-sales; https://hubspot.com/enterprise-sales; https://challengerinc.com; https://corporatevisions.com; https://force-management.com,Enterprise Sales Certification; Solution Selling; Complex Sales; Stakeholder Management; Account Planning
Sales,Sales Engineer,Technical Sales; Product Demonstrations; Solution Design; Technical Presentations; Customer Requirements; Pre-sales Support,Graduation,12-25 LPA,Very High,Sales Engineer Trainee > Sales Engineer > Senior Sales Engineer > Principal Sales Engineer > Sales Engineering Manager,Technical Sales; Product Knowledge; Solution Design; Technical Presentations; Pre-sales Support,Sales Engineering Performance; Technical Win Rate,B.Tech + Sales; Sales Engineering Certification; Technical Sales,https://salesforce.com/resources/articles/sales-engineer; https://se-radio.net; https://presalesengineering.org; https://salesengineers.org; https://techsales.com,Sales Engineering Certification; Technical Sales; Solution Design; Product Knowledge; Pre-sales Support
Sales,Channel Partner Manager,Channel Partnership; Partner Enablement; Joint Go-to-Market; Partner Recruitment; Channel Marketing; Performance Management,Post-graduation,12-24 LPA,High,Channel Partner Associate > Channel Partner Manager > Senior Partner Manager > Director Channel Partnerships > VP Partnerships,Channel Partnerships; Partner Enablement; Partner Recruitment; Joint Go-to-Market; Channel Marketing,Partner Revenue; Channel Growth,MBA Partnerships; Channel Management Certification; Partner Marketing,https://channelpartnersonline.com; https://partnerfleet.com/blog; https://crossbeam.com/blog; https://partnerhub.app/blog; https://allbound.com/blog,Channel Management Certification; Partner Enablement; Partner Recruitment; Joint Go-to-Market; Channel Marketing
Research,Market Research Analyst,Market Research; Data Analysis; Survey Design; Consumer Insights; Competitive Analysis; Report Writing,Post-graduation,9-18 LPA,High,Research Associate > Market Research Analyst > Senior Research Analyst > Research Manager > Director Research,Market Research Methods; Data Analysis; Survey Design; Consumer Behavior; Statistical Analysis,Research Reports; Market Insights,MBA Marketing Research; Market Research Certification; Statistics,https://marketresearch.org; https://insightplatforms.com/blog; https://quirks.com; https://greenbook.org; https://esomar.org,Market Research Certification; Data Analysis; Survey Design; Consumer Insights; Statistical Analysis
Research,Data Research Analyst,Data Analysis; Statistical Analysis; Research Design; Data Visualization; Database Management; Research Methodology,Post-graduation,10-20 LPA,Very High,Data Research Associate > Data Research Analyst > Senior Data Analyst > Lead Data Analyst > Director Analytics,Data Analysis; Statistical Software; Research Methods; Data Visualization; Database Management,Data Analysis Projects; Research Reports,MA Statistics; Data Analytics Certification; Research Methods,https://kdnuggets.com; https://towardsdatascience.com; https://analyticsvidhya.com; https://datasciencecentral.com; https://r-bloggers.com,Data Analytics Certification; Statistical Analysis; Research Methods; Data Visualization; Database Management
Research,UX Researcher,User Research; Usability Testing; User Interviews; Survey Design; Behavioral Analysis; Research Planning,Post-graduation,12-24 LPA,Very High,UX Research Associate > UX Researcher > Senior UX Researcher > Lead UX Researcher > Director UX Research,UX Research Methods; Usability Testing; User Interviews; Survey Design; Behavioral Analysis,User Research Studies; UX Insights,MA Psychology; UX Research Certification; Human-Computer Interaction,https://uxresearch.org; https://nngroup.com; https://userresearch.blog; https://usertesting.com/blog; https://measuringu.com,UX Research Certification; Usability Testing; User Interviews; Survey Design; Behavioral Analysis
Research,Clinical Research Associate,Clinical Research; Protocol Development; Data Collection; Regulatory Compliance; Patient Recruitment; Statistical Analysis,Post-graduation,8-16 LPA,High,Clinical Research Trainee > Clinical Research Associate > Senior CRA > Clinical Research Manager > Director Clinical Research,Clinical Research; GCP Training; Protocol Development; Regulatory Affairs; Biostatistics,Clinical Study Reports; Research Publications,Life Sciences Graduate; Clinical Research Certification; GCP Certification,https://clinicalresearcher.org; https://acrpnet.org; https://socra.org; https://clinicaltrials.gov; https://ich.org,GCP Certification; Clinical Research; Protocol Development; Regulatory Affairs; Biostatistics
Research,Academic Researcher,Academic Research; Literature Review; Research Design; Data Analysis; Publication Writing; Grant Proposal,PhD,12-25 LPA,Medium,Research Scholar > Academic Researcher > Senior Researcher > Principal Researcher > Research Director,Academic Research Methods; Literature Review; Research Design; Statistical Analysis; Scientific Writing,Research Publications; Citations,PhD + Research; Academic Research Methods; Statistical Analysis,https://researchgate.net; https://academia.edu; https://scholar.google.com; https://pubmed.ncbi.nlm.nih.gov; https://arxiv.org,Academic Research Methods; Statistical Analysis; Scientific Writing; Grant Writing; Research Design
Research,Product Research Analyst,Product Research; User Feedback Analysis; Market Validation; Feature Research; Competitive Analysis; Product Analytics,Post-graduation,11-22 LPA,Very High,Product Research Associate > Product Research Analyst > Senior Product Analyst > Lead Product Analyst > Director Product Research,Product Research; User Research; Market Validation; Product Analytics; Competitive Analysis,Product Research Reports; Feature Insights,MBA Product Management; Product Research Certification; User Research,https://productplan.com/blog; https://amplitude.com/blog; https://mixpanel.com/blog; https://pendo.io/resources; https://fullstory.com/blog,Product Analytics Certification; User Research; Market Validation; Product Research; Competitive Analysis
Research,Social Research Analyst,Social Research; Survey Design; Qualitative Research; Quantitative Analysis; Policy Research; Community Studies,Post-graduation,8-16 LPA,Medium,Social Research Associate > Social Research Analyst > Senior Social Analyst > Research Manager > Director Social Research,Social Research Methods; Survey Design; Qualitative Research; Quantitative Analysis; Policy Analysis,Social Research Reports; Policy Recommendations,MA Sociology; Social Research Certification; Policy Analysis,https://americansociologicalassociation.org; https://aapor.org; https://socialresearchassociation.org.uk; https://pewresearch.org; https://gallup.com,Social Research Certification; Survey Design; Qualitative Research; Quantitative Analysis; Policy Analysis
Research,Biomedical Researcher,Biomedical Research; Laboratory Techniques; Clinical Studies; Data Analysis; Scientific Writing; Research Ethics,PhD,15-30 LPA,High,Research Associate > Biomedical Researcher > Senior Researcher > Principal Investigator > Research Director,Biomedical Research; Laboratory Techniques; Clinical Research; Biostatistics; Scientific Writing,Research Publications; Patents,PhD Life Sciences; Biomedical Research; Laboratory Training,https://nih.gov; https://pubmed.ncbi.nlm.nih.gov; https://nature.com; https://science.org; https://cell.com,Laboratory Techniques; Clinical Research; Biostatistics; Scientific Writing; Research Ethics
Research,Operations Research Analyst,Operations Research; Mathematical Modeling; Optimization; Statistical Analysis; Decision Analysis; Process Improvement,Post-graduation,12-24 LPA,High,Operations Research Associate > Operations Research Analyst > Senior OR Analyst > Lead OR Analyst > Director Operations Research,Operations Research; Mathematical Modeling; Optimization; Statistical Analysis; Linear Programming,Operations Research Projects; Process Optimization,MS Operations Research; Industrial Engineering; Mathematical Modeling,https://informs.org; https://orms-today.org; https://analytics-magazine.org; https://optimization-online.org; https://mathopt.org,Operations Research Certification; Mathematical Modeling; Optimization; Statistical Analysis; Decision Analysis
Research,Policy Research Analyst,Policy Research; Policy Analysis; Legislative Research; Economic Analysis; Public Policy; Government Relations,Post-graduation,9-18 LPA,Medium,Policy Research Associate > Policy Research Analyst > Senior Policy Analyst > Policy Manager > Director Policy Research,Policy Research; Policy Analysis; Legislative Research; Economic Analysis; Public Policy,Policy Research Reports; Policy Recommendations,MA Public Policy; Public Administration; Policy Analysis Certification,https://appam.org; https://publicpolicy.org; https://brookings.edu; https://heritage.org; https://rand.org,Policy Analysis Certification; Legislative Research; Economic Analysis; Public Policy; Government Relations
Research,Financial Research Analyst,Financial Research; Investment Analysis; Financial Modeling; Company Analysis; Industry Research; Report Writing,Post-graduation,13-26 LPA,High,Financial Research Associate > Financial Research Analyst > Senior Financial Analyst > Lead Financial Analyst > Director Financial Research,Financial Research; Investment Analysis; Financial Modeling; Company Analysis; Industry Research,Financial Research Reports; Investment Recommendations,MBA Finance; CFA; Financial Analysis Certification,https://cfainstitute.org; https://morningstar.com; https://bloomberg.com; https://reuters.com; https://wsj.com,CFA Certification; Financial Modeling; Investment Analysis; Company Analysis; Industry Research
Research,Technology Research Analyst,Technology Research; Industry Analysis; Technology Trends; Competitive Intelligence; Market Analysis; Advisory Services,Post-graduation,12-25 LPA,High,Technology Research Associate > Technology Research Analyst > Senior Tech Analyst > Lead Tech Analyst > Director Technology Research,Technology Research; Industry Analysis; Technology Trends; Competitive Intelligence; Market Analysis,Technology Research Reports; Industry Analysis,MBA Technology; Technology Research Certification; Industry Analysis,https://gartner.com; https://forrester.com; https://idc.com; https://techcrunch.com; https://wired.com,Technology Research Certification; Industry Analysis; Technology Trends; Competitive Intelligence; Market Analysis
Research,Consumer Insights Analyst,Consumer Research; Behavioral Analysis; Survey Design; Focus Groups; Data Analysis; Insights Generation,Post-graduation,10-20 LPA,High,Consumer Insights Associate > Consumer Insights Analyst > Senior Insights Analyst > Insights Manager > Director Consumer Insights,Consumer Research; Behavioral Analysis; Survey Design; Focus Groups; Data Analysis,Consumer Insights Reports; Behavioral Studies,MBA Marketing; Consumer Psychology; Market Research Certification,https://marketresearch.org; https://quirks.com; https://greenbook.org; https://esomar.org; https://insights-us.com,Consumer Research Certification; Behavioral Analysis; Survey Design; Focus Groups; Data Analysis
Research,Quantitative Research Analyst,Quantitative Research; Statistical Modeling; Data Mining; Predictive Analytics; Algorithm Development; Mathematical Analysis,Post-graduation,14-28 LPA,Very High,Quantitative Research Associate > Quantitative Research Analyst > Senior Quant Analyst > Lead Quant Analyst > Director Quantitative Research,Quantitative Research; Statistical Modeling; Data Mining; Predictive Analytics; Programming,Quantitative Models; Research Publications,MS Statistics; Quantitative Finance; Mathematical Modeling,https://quantnet.com; https://wilmott.com; https://risknet.com; https://quantstart.com; https://quantlib.org,Quantitative Research Certification; Statistical Modeling; Data Mining; Predictive Analytics; Programming
Research,Research Project Manager,Research Project Management; Study Design; Team Coordination; Budget Management; Timeline Management; Quality Control,Post-graduation,12-24 LPA,High,Research Coordinator > Research Project Manager > Senior Research Manager > Director Research Operations > VP Research,Research Project Management; Study Design; Team Management; Budget Management; Quality Control,Research Project Success; Timeline Management,MBA Project Management; Research Management Certification; PMP,https://pmi.org; https://apm.org.uk; https://ipma.world; https://prince2.com; https://axelos.com,PMP Certification; Research Management; Study Design; Team Management; Quality Control
Consulting,Management Consultant,Strategic Planning; Problem Solving; Business Analysis; Client Management; Presentation Skills; Change Management,Post-graduation,15-35 LPA,Very High,Analyst > Consultant > Senior Consultant > Manager > Partner,Management Consulting; Business Strategy; Problem Solving; Client Management; Presentation Skills,Consulting Projects; Client Impact,MBA; Management Consulting Certification; Strategic Planning,https://mckinsey.com/careers; https://bain.com/careers; https://bcg.com/careers; https://deloitte.com/careers; https://pwc.com/careers,Management Consulting Certificate; Business Strategy; Problem Solving; Client Management; Change Management
Consulting,IT Consultant,IT Strategy; Systems Analysis; Technology Implementation; Digital Transformation; Project Management; Client Advisory,Post-graduation,12-28 LPA,Very High,IT Analyst > IT Consultant > Senior IT Consultant > IT Manager > IT Partner,IT Consulting; Technology Strategy; Systems Analysis; Digital Transformation; Project Management,IT Projects; System Implementations,MBA IT; IT Consulting Certification; Technology Strategy,https://accenture.com/careers; https://ibm.com/consulting; https://capgemini.com/careers; https://tcs.com/careers; https://infosys.com/careers,IT Consulting Certificate; Technology Strategy; Systems Analysis; Digital Transformation; Project Management
Consulting,Strategy Consultant,Business Strategy; Market Analysis; Competitive Intelligence; Strategic Planning; Financial Analysis; Executive Advisory,Post-graduation,16-40 LPA,Very High,Strategy Analyst > Strategy Consultant > Senior Strategy Consultant > Principal > Partner,Strategy Consulting; Business Strategy; Market Analysis; Strategic Planning; Financial Analysis,Strategy Projects; Business Impact,MBA Strategy; Strategy Consulting Certification; Business Analysis,https://mckinsey.com/business-functions/strategy-and-corporate-finance; https://bain.com/consulting-services/strategy; https://bcg.com/capabilities/strategy; https://monitor.com; https://leh.com,Strategy Consulting Certificate; Business Strategy; Market Analysis; Strategic Planning; Financial Analysis
Consulting,HR Consultant,HR Strategy; Organizational Development; Talent Management; Change Management; HR Analytics; Performance Management,Post-graduation,10-22 LPA,High,HR Analyst > HR Consultant > Senior HR Consultant > HR Manager > HR Partner,HR Consulting; Organizational Development; Talent Management; Change Management; HR Strategy,HR Projects; Organizational Change,MBA HR; HR Consulting Certification; Organizational Development,https://pwc.com/us/en/services/consulting/workforce; https://deloitte.com/us/en/services/consulting/human-capital; https://kpmg.com/xx/en/services/advisory/management-consulting/people-and-change; https://ey.com/en_us/people-advisory-services; https://mercer.com,HR Consulting Certificate; Organizational Development; Talent Management; Change Management; HR Analytics
Consulting,Financial Consultant,Financial Planning; Investment Advisory; Risk Management; Financial Analysis; Portfolio Management; Wealth Management,Post-graduation,12-26 LPA,High,Financial Analyst > Financial Consultant > Senior Financial Consultant > Financial Manager > Financial Partner,Financial Consulting; Financial Planning; Investment Advisory; Risk Management; Wealth Management,Financial Projects; Investment Performance,MBA Finance; CFA; Financial Planning Certification,https://pwc.com/us/en/services/consulting/deals; https://deloitte.com/global/en/services/financial-advisory; https://kpmg.com/xx/en/services/advisory/deal-advisory; https://ey.com/en_us/transaction-advisory-services; https://rothschild.com,CFA Certification; Financial Planning; Investment Advisory; Risk Management; Portfolio Management
Consulting,Operations Consultant,Process Improvement; Operational Excellence; Supply Chain; Lean Six Sigma; Performance Optimization; Change Management,Post-graduation,11-24 LPA,High,Operations Analyst > Operations Consultant > Senior Operations Consultant > Operations Manager > Operations Partner,Operations Consulting; Process Improvement; Operational Excellence; Lean Six Sigma; Supply Chain,Operations Projects; Process Optimization,MBA Operations; Lean Six Sigma; Operations Consulting Certification,https://mckinsey.com/business-functions/operations; https://bcg.com/capabilities/operations; https://bain.com/consulting-services/operations; https://deloitte.com/global/en/services/consulting/operations; https://pwc.com/us/en/services/consulting/operations,Lean Six Sigma Certification; Process Improvement; Operational Excellence; Supply Chain; Performance Optimization
Consulting,Digital Transformation Consultant,Digital Strategy; Technology Implementation; Process Digitization; Change Management; Digital Innovation; Business Transformation,Post-graduation,14-30 LPA,Very High,Digital Analyst > Digital Transformation Consultant > Senior Digital Consultant > Digital Manager > Digital Partner,Digital Transformation; Digital Strategy; Technology Implementation; Business Transformation; Change Management,Digital Projects; Technology Implementations,MBA Digital; Digital Transformation Certification; Technology Strategy,https://accenture.com/us-en/services/consulting/technology; https://deloitte.com/global/en/services/consulting/technology; https://pwc.com/us/en/services/consulting/technology; https://ibm.com/consulting/technology; https://capgemini.com/service/digital-transformation,Digital Transformation Certificate; Digital Strategy; Technology Implementation; Business Transformation; Change Management
Consulting,Risk Management Consultant,Risk Assessment; Risk Mitigation; Compliance; Regulatory Advisory; Enterprise Risk Management; Crisis Management,Post-graduation,12-25 LPA,High,Risk Analyst > Risk Management Consultant > Senior Risk Consultant > Risk Manager > Risk Partner,Risk Management; Risk Assessment; Compliance; Enterprise Risk Management; Regulatory Advisory,Risk Projects; Compliance Implementation,MBA Risk Management; Risk Management Certification; Compliance,https://deloitte.com/global/en/services/risk-advisory; https://pwc.com/us/en/services/consulting/risk; https://kpmg.com/xx/en/services/advisory/risk-consulting; https://ey.com/en_us/risk; https://protiviti.com,Risk Management Certification; Risk Assessment; Compliance; Enterprise Risk Management; Regulatory Advisory
Consulting,Sustainability Consultant,Sustainability Strategy; Environmental Consulting; ESG Advisory; Carbon Footprint; Renewable Energy; Sustainable Business,Post-graduation,10-22 LPA,Very High,Sustainability Analyst > Sustainability Consultant > Senior Sustainability Consultant > Sustainability Manager > Sustainability Partner,Sustainability Consulting; Environmental Strategy; ESG Advisory; Carbon Management; Renewable Energy,Sustainability Projects; Environmental Impact,MBA Sustainability; Sustainability Certification; Environmental Studies,https://deloitte.com/global/en/issues/climate/content/deloitte-sustainability-services; https://pwc.com/gx/en/services/sustainability; https://kpmg.com/xx/en/home/insights/2020/11/sustainability-services; https://ey.com/en_us/climate-change-sustainability-services; https://mckinsey.com/capabilities/sustainability,Sustainability Certification; Environmental Strategy; ESG Advisory; Carbon Management; Renewable Energy
Consulting,Healthcare Consultant,Healthcare Strategy; Healthcare Operations; Healthcare Technology; Regulatory Compliance; Healthcare Analytics; Patient Experience,Post-graduation,13-27 LPA,High,Healthcare Analyst > Healthcare Consultant > Senior Healthcare Consultant > Healthcare Manager > Healthcare Partner,Healthcare Consulting; Healthcare Strategy; Healthcare Operations; Healthcare Technology; Regulatory Compliance,Healthcare Projects; System Improvements,MBA Healthcare; Healthcare Consulting Certification; Healthcare Management,https://deloitte.com/global/en/Industries/life-sciences-health-care; https://pwc.com/us/en/industries/health-industries; https://mckinsey.com/industries/healthcare; https://bcg.com/industries/health-care; https://bain.com/industry-expertise/healthcare,Healthcare Consulting Certificate; Healthcare Strategy; Healthcare Operations; Healthcare Technology; Regulatory Compliance
Consulting,Supply Chain Consultant,Supply Chain Strategy; Logistics Optimization; Procurement; Inventory Management; Supply Chain Analytics; Vendor Management,Post-graduation,11-23 LPA,High,Supply Chain Analyst > Supply Chain Consultant > Senior Supply Chain Consultant > Supply Chain Manager > Supply Chain Partner,Supply Chain Consulting; Logistics; Procurement; Inventory Management; Supply Chain Analytics,Supply Chain Projects; Cost Optimization,MBA Supply Chain; Supply Chain Certification; Logistics Management,https://mckinsey.com/business-functions/operations/how-we-help-clients/supply-chain; https://bcg.com/capabilities/operations/supply-chain-management; https://deloitte.com/global/en/services/consulting/operations/supply-chain; https://pwc.com/us/en/services/consulting/operations/supply-chain; https://accenture.com/us-en/services/supply-chain-operations,Supply Chain Certification; Logistics Management; Procurement; Inventory Management; Supply Chain Analytics
Consulting,Change Management Consultant,Change Management; Organizational Change; Culture Transformation; Communication Strategy; Training & Development; Stakeholder Management,Post-graduation,11-24 LPA,High,Change Analyst > Change Management Consultant > Senior Change Consultant > Change Manager > Change Partner,Change Management; Organizational Change; Culture Transformation; Communication Strategy; Stakeholder Management,Change Projects; Organizational Transformation,MBA Organizational Behavior; Change Management Certification; Organizational Development,https://prosci.com; https://changemanagement-institute.com; https://acmp-global.org; https://deloitte.com/global/en/services/consulting/human-capital/organization-transformation; https://pwc.com/us/en/services/consulting/workforce/organization-change-management,Change Management Certification; Organizational Change; Culture Transformation; Communication Strategy; Stakeholder Management
Consulting,Data Analytics Consultant,Data Strategy; Business Intelligence; Predictive Analytics; Data Visualization; Statistical Analysis; Data Governance,Post-graduation,13-26 LPA,Very High,Data Analyst > Data Analytics Consultant > Senior Data Consultant > Data Manager > Data Partner,Data Analytics; Business Intelligence; Predictive Analytics; Data Visualization; Statistical Analysis,Analytics Projects; Data Insights,MBA Analytics; Data Analytics Certification; Business Intelligence,https://deloitte.com/global/en/services/consulting/analytics; https://pwc.com/us/en/services/consulting/analytics; https://mckinsey.com/capabilities/mckinsey-analytics; https://bcg.com/capabilities/digital-technology-data/advanced-analytics; https://accenture.com/us-en/services/applied-intelligence,Data Analytics Certification; Business Intelligence; Predictive Analytics; Data Visualization; Statistical Analysis
Consulting,Customer Experience Consultant,Customer Experience Strategy; Customer Journey Mapping; Service Design; Customer Analytics; Digital Experience; Customer Research,Post-graduation,10-22 LPA,Very High,CX Analyst > Customer Experience Consultant > Senior CX Consultant > CX Manager > CX Partner,Customer Experience; Service Design; Customer Journey Mapping; Customer Analytics; Digital Experience,CX Projects; Customer Satisfaction,MBA Marketing; Customer Experience Certification; Service Design,https://deloitte.com/global/en/services/consulting/technology/digital-customer; https://pwc.com/us/en/services/consulting/customer-transformation; https://mckinsey.com/capabilities/growth-marketing-and-sales/our-insights/the-ceo-guide-to-customer-experience; https://bcg.com/capabilities/digital-technology-data/digital-marketing-sales; https://accenture.com/us-en/services/interactive,Customer Experience Certification; Service Design; Customer Journey Mapping; Customer Analytics; Digital Experience
Consulting,Innovation Consultant,Innovation Strategy; Design Thinking; Innovation Management; New Product Development; Technology Innovation; Digital Innovation,Post-graduation,12-25 LPA,Very High,Innovation Analyst > Innovation Consultant > Senior Innovation Consultant > Innovation Manager > Innovation Partner,Innovation Consulting; Design Thinking; Innovation Management; Product Development; Technology Innovation,Innovation Projects; New Product Launches,MBA Innovation; Design Thinking Certification; Innovation Management,https://ideo.com; https://designthinking.ideo.com; https://dschool.stanford.edu; https://innovationmanagement.se; https://innovation-point.com,Design Thinking Certification; Innovation Management; Innovation Strategy; Product Development; Technology Innovation
Service,Customer Service Representative,Customer Support; Problem Resolution; Communication; CRM Systems; Product Knowledge; Conflict Resolution,Graduation,4-10 LPA,High,Customer Service Trainee > Customer Service Representative > Senior Customer Service Rep > Team Leader > Customer Service Manager,Customer Service Training; CRM Systems; Communication Skills; Problem Resolution; Conflict Resolution,Customer Satisfaction; Resolution Rate,BA Any Field; Customer Service Certification; Communication Training,https://zendesk.com/blog/customer-service; https://hubspot.com/customer-support; https://salesforce.com/resources/articles/customer-service; https://freshworks.com/customer-service-software/resources; https://intercom.com/blog/customer-support,Customer Service Certification; CRM Training; Communication Skills; Problem Resolution; Conflict Resolution
Service,Technical Support Specialist,Technical Troubleshooting; Hardware/Software Support; Documentation; Remote Support; System Administration; Customer Communication,Graduation,6-14 LPA,Very High,Technical Support Associate > Technical Support Specialist > Senior Tech Support > Technical Lead > Support Manager,Technical Support Training; Hardware/Software Knowledge; Remote Support Tools; System Administration; Documentation,Support Resolution; Customer Satisfaction,B.Tech/BCA; Technical Support Certification; System Administration,https://comptia.org; https://microsoft.com/en-us/learning; https://cisco.com/c/en/us/training-events; https://redhat.com/en/services/training-and-certification; https://vmware.com/education-services,CompTIA A+ Certification; Microsoft Certified; Cisco Certification; Hardware Support; Software Troubleshooting
Service,Help Desk Analyst,IT Help Desk; Ticket Management; User Support; System Troubleshooting; Documentation; Escalation Management,Graduation,5-12 LPA,High,Help Desk Trainee > Help Desk Analyst > Senior Help Desk Analyst > Help Desk Supervisor > IT Support Manager,Help Desk Operations; Ticketing Systems; User Support; System Troubleshooting; ITIL Framework,Ticket Resolution; Response Time,BCA/B.Tech; Help Desk Certification; ITIL Foundation,https://itil.org; https://comptia.org/certifications/a; https://servicenow.com/products/itsm; https://freshservice.com/itsm; https://atlassian.com/software/jira/service-management,ITIL Foundation; CompTIA A+; Help Desk Certification; Ticketing Systems; User Support
Service,Field Service Technician,Equipment Maintenance; On-site Repair; Technical Diagnostics; Customer Interaction; Safety Protocols; Service Documentation,Graduation,6-15 LPA,High,Field Service Trainee > Field Service Technician > Senior Field Technician > Field Service Supervisor > Service Manager,Field Service Training; Equipment Maintenance; Technical Diagnostics; Safety Protocols; Customer Service,Service Completion; Customer Satisfaction,Diploma/B.Tech; Field Service Certification; Equipment Training,https://fieldservicenews.com; https://fieldservicedigital.com; https://servicemax.com/blog; https://fieldservice.org; https://servicechannel.com/blog,Field Service Certification; Equipment Maintenance; Technical Diagnostics; Safety Training; Service Documentation
Service,Quality Assurance Analyst,Quality Control; Testing Procedures; Documentation; Process Improvement; Compliance; Data Analysis,Graduation,7-16 LPA,High,QA Trainee > Quality Assurance Analyst > Senior QA Analyst > QA Lead > Quality Manager,Quality Assurance; Testing Methodologies; Process Improvement; Documentation; Statistical Analysis,Quality Metrics; Process Improvement,B.Tech/MBA Quality; Quality Certification; Six Sigma,https://asq.org; https://iaqg.org; https://iso.org; https://sixsigmacouncil.org; https://qualitymag.com,Six Sigma Certification; ISO Certification; Quality Management; Statistical Process Control; Process Improvement
Service,Facility Manager,Facility Management; Space Planning; Maintenance Coordination; Vendor Management; Safety Compliance; Budget Management,Post-graduation,10-20 LPA,Medium,Facility Coordinator > Facility Manager > Senior Facility Manager > Facility Director > VP Facilities,Facility Management; Space Planning; Vendor Management; Safety Compliance; Budget Management,Facility Operations; Cost Optimization,MBA Facility Management; Facility Management Certification; Property Management,https://ifma.org; https://boma.org; https://rics.org; https://facilitiesnet.com; https://fmlink.com,Certified Facility Manager; LEED Certification; Property Management; Space Planning; Vendor Management
Service,Security Guard,Physical Security; Surveillance; Access Control; Emergency Response; Report Writing; Customer Service,12th Pass,3-8 LPA,Medium,Security Guard Trainee > Security Guard > Senior Security Guard > Security Supervisor > Security Manager,Security Training; Surveillance Systems; Emergency Response; Access Control; Report Writing,Security Incidents; Response Time,Security Guard License; Security Training Certification; Emergency Response,https://asisonline.org; https://securitymagazine.com; https://securityinfowatch.com; https://securitytoday.com; https://securitysales.com,Security Guard License; CCTV Operations; Emergency Response; Access Control; Security Protocols
Service,Hospitality Manager,Hotel Operations; Guest Services; Staff Management; Revenue Management; Event Coordination; Customer Experience,Post-graduation,8-18 LPA,High,Front Desk Associate > Hospitality Manager > Senior Hospitality Manager > Hotel Manager > General Manager,Hotel Management; Guest Services; Revenue Management; Event Planning; Staff Management,Guest Satisfaction; Revenue Growth,Hotel Management Degree; Hospitality Certification; Customer Service,https://ahla.com; https://hospitalitynet.org; https://hotelmanagement.net; https://hoteliermiddleeast.com; https://hotelnewsnow.com,Hotel Management Certification; Guest Services; Revenue Management; Event Planning; Customer Experience
Service,Event Coordinator,Event Planning; Vendor Management; Budget Management; Timeline Coordination; Client Communication; Logistics Management,Graduation,6-14 LPA,High,Event Assistant > Event Coordinator > Senior Event Coordinator > Event Manager > Event Director,Event Planning; Vendor Management; Budget Management; Timeline Coordination; Client Relations,Event Success; Client Satisfaction,Event Management Degree; Event Planning Certification; Project Management,https://pcma.org; https://meetingsnet.com; https://bizbash.com; https://eventmanagerblog.com; https://specialevents.com,Event Management Certification; Vendor Management; Budget Planning; Timeline Coordination; Client Relations
Service,Retail Store Manager,Store Operations; Sales Management; Inventory Control; Staff Supervision; Customer Service; Visual Merchandising,Graduation,7-16 LPA,Medium,Sales Associate > Assistant Manager > Retail Store Manager > District Manager > Regional Manager,Retail Management; Sales Techniques; Inventory Management; Staff Training; Customer Service,Sales Performance; Store Operations,Retail Management Degree; Retail Certification; Sales Training,https://nrf.com; https://retaildive.com; https://chainstoreage.com; https://retailtouchpoints.com; https://progressivegrocer.com,Retail Management Certification; Sales Training; Inventory Management; Customer Service; Visual Merchandising
Service,Food Service Manager,Restaurant Operations; Menu Planning; Staff Management; Food Safety; Inventory Control; Customer Service,Graduation,6-14 LPA,Medium,Server/Cook > Assistant Manager > Food Service Manager > General Manager > Regional Manager,Food Service Management; Food Safety; Menu Planning; Staff Training; Inventory Control,Customer Satisfaction; Food Quality,Food Service Management; Food Safety Certification; Hospitality Management,https://restaurant.org; https://foodservicedirector.com; https://qsrmagazine.com; https://restaurantbusinessonline.com; https://foodmanagement.com,Food Safety Certification; Food Service Management; Menu Planning; Staff Training; Customer Service
Service,Maintenance Technician,Equipment Maintenance; Preventive Maintenance; Troubleshooting; Repair Work; Safety Compliance; Documentation,Graduation,5-13 LPA,High,Maintenance Helper > Maintenance Technician > Senior Maintenance Tech > Maintenance Supervisor > Maintenance Manager,Maintenance Training; Equipment Operation; Safety Protocols; Preventive Maintenance; Troubleshooting,Equipment Uptime; Maintenance Efficiency,ITI/Diploma Mechanical; Maintenance Certification; Equipment Training,https://maintenanceworld.com; https://plantservices.com; https://reliableplant.com; https://upkeep.com/learning; https://fiixsoftware.com/blog,Maintenance Certification; Equipment Training; Safety Protocols; Preventive Maintenance; Troubleshooting
Service,Logistics Coordinator,Supply Chain Coordination; Inventory Management; Shipping/Receiving; Documentation; Vendor Relations; Cost Optimization,Graduation,6-14 LPA,High,Logistics Assistant > Logistics Coordinator > Senior Logistics Coordinator > Logistics Manager > Supply Chain Manager,Logistics Management; Supply Chain; Inventory Control; Shipping Operations; Vendor Management,Delivery Performance; Cost Reduction,Supply Chain Management; Logistics Certification; Operations Management,https://cscmp.org; https://inboundlogistics.com; https://logisticsmgmt.com; https://supplychainbrain.com; https://freightwaves.com,Supply Chain Certification; Logistics Management; Inventory Control; Shipping Operations; Vendor Management
Service,Call Center Manager,Call Center Operations; Team Management; Performance Metrics; Quality Assurance; Training Programs; Customer Satisfaction,Post-graduation,9-18 LPA,High,Call Center Agent > Team Leader > Call Center Manager > Operations Manager > Contact Center Director,Call Center Management; Team Leadership; Performance Management; Quality Assurance; Training Development,Call Center Metrics; Team Performance,MBA Operations; Call Center Management; Customer Service Training,https://icmi.com; https://callcentermag.com; https://customercontactweekdigital.com; https://callcentertimes.com; https://contactcenterworld.com,Call Center Management; Team Leadership; Performance Management; Quality Assurance; Customer Service Training
Service,Cleaning Services Manager,Cleaning Operations; Staff Supervision; Quality Control; Safety Compliance; Client Relations; Cost Management,Graduation,5-12 LPA,Medium,Cleaner > Cleaning Supervisor > Cleaning Services Manager > Operations Manager > Regional Manager,Cleaning Operations; Staff Management; Quality Control; Safety Procedures; Client Relations,Service Quality; Client Satisfaction,Any Graduate; Cleaning Services Management; Safety Training,https://issa.com; https://cleanfax.com; https://cleanlink.com; https://facilitiesnet.com; https://contractormag.com,Cleaning Services Certification; Safety Training; Quality Control; Staff Management; Client Relations
Law,Corporate Lawyer,Corporate Law; Contract Drafting; Mergers & Acquisitions; Securities Law; Regulatory Compliance; Legal Advisory,Post-graduation,15-40 LPA,Very High,Junior Associate > Associate > Senior Associate > Counsel > Partner,Corporate Law; Contract Law; Securities Regulation; M&A; Compliance,Legal Cases; Deal Completions,LLB; LLM Corporate Law; Corporate Legal Practice,https://corporatelawyer.co.in; https://barandbench.com; https://livelaw.in; https://manupatra.com; https://scconline.com,Corporate Law Certificate; Securities Law; M&A Training; Contract Drafting; Regulatory Compliance
Law,Litigation Lawyer,Civil Litigation; Court Representation; Legal Research; Case Preparation; Client Counseling; Settlement Negotiation,Graduation,12-30 LPA,High,Junior Associate > Associate > Senior Associate > Counsel > Partner,Litigation Practice; Court Procedures; Legal Research; Case Management; Client Relations,Case Win Rate; Client Satisfaction,LLB; Litigation Practice; Court Advocacy,https://advocates.org.in; https://barandbench.com; https://livelaw.in; https://manupatra.com; https://scconline.com,Litigation Certification; Court Advocacy; Legal Research; Case Management; Client Relations
Law,Criminal Lawyer,Criminal Law; Court Representation; Criminal Procedure; Case Investigation; Client Defense; Legal Research,Graduation,10-25 LPA,Medium,Junior Criminal Lawyer > Criminal Lawyer > Senior Criminal Lawyer > Counsel > Partner,Criminal Law; Criminal Procedure; Court Advocacy; Legal Research; Client Defense,Case Outcomes; Client Defense,LLB; Criminal Law Practice; Court Advocacy,https://criminallawyer.org.in; https://barandbench.com; https://livelaw.in; https://manupatra.com; https://indiankanoon.org,Criminal Law Certificate; Court Advocacy; Legal Research; Criminal Procedure; Client Defense
Law,Family Lawyer,Family Law; Divorce Proceedings; Child Custody; Property Settlement; Mediation; Legal Counseling,Graduation,8-20 LPA,High,Junior Family Lawyer > Family Lawyer > Senior Family Lawyer > Counsel > Partner,Family Law; Matrimonial Law; Mediation; Legal Counseling; Court Procedures,Case Resolutions; Client Satisfaction,LLB; Family Law Practice; Mediation Training,https://familylawyer.co.in; https://barandbench.com; https://livelaw.in; https://manupatra.com; https://scconline.com,Family Law Certificate; Mediation Training; Legal Counseling; Court Advocacy; Matrimonial Law
Law,Intellectual Property Lawyer,IP Law; Patent Filing; Trademark Registration; Copyright Protection; IP Litigation; Technology Law,Post-graduation,14-35 LPA,Very High,IP Associate > IP Lawyer > Senior IP Lawyer > IP Counsel > IP Partner,Intellectual Property Law; Patent Law; Trademark Law; Copyright Law; IP Litigation,IP Registrations; IP Cases,LLB; LLM IP Law; Patent Agent Training,https://ipindia.gov.in; https://wipo.int; https://ipleaders.in; https://spicyip.com; https://manupatra.com,Patent Agent Registration; IP Law Certificate; Trademark Practice; Copyright Law; IP Litigation
Law,Environmental Lawyer,Environmental Law; Regulatory Compliance; Environmental Impact Assessment; Pollution Control; Green Law; Sustainability Legal,Post-graduation,12-28 LPA,High,Environmental Associate > Environmental Lawyer > Senior Environmental Lawyer > Environmental Counsel > Partner,Environmental Law; Pollution Control Laws; Environmental Compliance; Green Regulations; Sustainability Law,Environmental Cases; Compliance Projects,LLB; LLM Environmental Law; Environmental Compliance,https://environmentallaw.in; https://downtoearth.org.in; https://cse.org.in; https://barandbench.com; https://livelaw.in,Environmental Law Certificate; Pollution Control; Environmental Compliance; Green Law; Sustainability Legal
Law,Tax Lawyer,Tax Law; Income Tax; GST; International Taxation; Tax Planning; Tax Litigation,Post-graduation,13-30 LPA,High,Tax Associate > Tax Lawyer > Senior Tax Lawyer > Tax Counsel > Tax Partner,Tax Law; Income Tax Act; GST Law; International Tax; Tax Planning,Tax Cases; Tax Savings,LLB; LLM Tax Law; CA + Law; Tax Practice,https://taxguru.in; https://taxsutra.com; https://incometaxindia.gov.in; https://cbic.gov.in; https://manupatra.com,Tax Law Certificate; Income Tax Practice; GST Training; International Tax; Tax Litigation
Law,Banking Lawyer,Banking Law; Financial Regulations; Loan Documentation; Recovery Proceedings; RBI Compliance; Financial Litigation,Post-graduation,12-26 LPA,High,Banking Associate > Banking Lawyer > Senior Banking Lawyer > Banking Counsel > Banking Partner,Banking Law; Financial Regulations; Loan Laws; Recovery Laws; RBI Guidelines,Banking Cases; Recovery Success,LLB; Banking Law Practice; Financial Regulations,https://rbi.org.in; https://iba.org.in; https://bankinglawjournal.com; https://manupatra.com; https://scconline.com,Banking Law Certificate; Financial Regulations; Loan Documentation; Recovery Laws; RBI Compliance
Law,Real Estate Lawyer,Property Law; Real Estate Transactions; Property Disputes; Title Verification; Property Registration; RERA Compliance,Graduation,10-22 LPA,High,Real Estate Associate > Real Estate Lawyer > Senior Real Estate Lawyer > Property Counsel > Partner,Property Law; Real Estate Regulations; Title Verification; Property Documentation; RERA Law,Property Transactions; Dispute Resolutions,LLB; Property Law Practice; Real Estate Training,https://rera.india.gov.in; https://propertylawyer.in; https://barandbench.com; https://livelaw.in; https://manupatra.com,Property Law Certificate; Real Estate Practice; Title Verification; RERA Compliance; Property Documentation
Law,Employment Lawyer,Labour Law; Employment Rights; Industrial Relations; HR Legal Compliance; Workplace Disputes; Contract Law,Post-graduation,11-24 LPA,High,Employment Associate > Employment Lawyer > Senior Employment Lawyer > Employment Counsel > Partner,Labour Law; Employment Law; Industrial Relations; HR Compliance; Workplace Law,Employment Cases; HR Compliance,LLB; Labour Law Practice; HR Legal Training,https://labourlawreporter.com; https://employmentlawyer.co.in; https://barandbench.com; https://livelaw.in; https://manupatra.com,Labour Law Certificate; Employment Law; Industrial Relations; HR Compliance; Workplace Law
Law,Immigration Lawyer,Immigration Law; Visa Processing; Work Permits; Citizenship Applications; Immigration Appeals; Document Verification,Post-graduation,10-22 LPA,High,Immigration Associate > Immigration Lawyer > Senior Immigration Lawyer > Immigration Counsel > Partner,Immigration Law; Visa Regulations; Work Permit Laws; Citizenship Law; Immigration Appeals,Visa Success Rate; Immigration Cases,LLB; Immigration Law Practice; Visa Processing,https://bls-international.com; https://vfsglobal.com; https://immigrationlawyer.co.in; https://barandbench.com; https://livelaw.in,Immigration Law Certificate; Visa Processing; Work Permit Training; Citizenship Law; Immigration Appeals
Law,Constitutional Lawyer,Constitutional Law; Fundamental Rights; Public Interest Litigation; Supreme Court Practice; High Court Practice; Constitutional Interpretation,Post-graduation,15-35 LPA,Medium,Constitutional Associate > Constitutional Lawyer > Senior Constitutional Lawyer > Constitutional Counsel > Partner,Constitutional Law; Fundamental Rights; PIL Practice; Supreme Court Practice; Constitutional Interpretation,Constitutional Cases; PIL Success,LLB; LLM Constitutional Law; Supreme Court Practice,https://supremecourtofindia.nic.in; https://constitutionofindia.net; https://barandbench.com; https://livelaw.in; https://scconline.com,Constitutional Law Certificate; Supreme Court Practice; PIL Training; Fundamental Rights; Constitutional Interpretation
Law,Cyber Law Lawyer,Cyber Law; Information Technology Act; Data Protection; Cyber Crime; Digital Rights; Technology Legal,Post-graduation,13-28 LPA,Very High,Cyber Law Associate > Cyber Law Lawyer > Senior Cyber Lawyer > Cyber Law Counsel > Partner,Cyber Law; IT Act; Data Protection Laws; Cyber Crime Laws; Digital Rights,Cyber Law Cases; Data Protection,LLB; LLM Cyber Law; Technology Legal Training,https://cyberlawindia.com; https://dataprotection.in; https://cert-in.org.in; https://barandbench.com; https://livelaw.in,Cyber Law Certificate; IT Act Training; Data Protection; Cyber Crime Laws; Digital Rights
Law,Contract Lawyer,Contract Law; Agreement Drafting; Contract Review; Commercial Contracts; Breach of Contract; Contract Negotiation,Graduation,9-20 LPA,High,Contract Associate > Contract Lawyer > Senior Contract Lawyer > Contract Counsel > Partner,Contract Law; Agreement Drafting; Contract Review; Commercial Law; Contract Negotiation,Contract Success; Agreement Drafting,LLB; Contract Law Practice; Commercial Legal Training,https://contractlawyer.co.in; https://indiancontract.com; https://barandbench.com; https://livelaw.in; https://manupatra.com,Contract Law Certificate; Agreement Drafting; Contract Review; Commercial Law; Contract Negotiation
Law,Legal Advisor,Legal Advisory; Legal Opinions; Compliance Advisory; Risk Assessment; Legal Documentation; Client Counseling,Post-graduation,11-23 LPA,High,Junior Legal Advisor > Legal Advisor > Senior Legal Advisor > Chief Legal Advisor > General Counsel,Legal Advisory; Legal Opinions; Compliance; Risk Assessment; Legal Documentation,Advisory Success; Client Satisfaction,LLB; Legal Advisory Practice; Corporate Legal Training,https://legaladvisor.co.in; https://compliancelegal.in; https://barandbench.com; https://livelaw.in; https://manupatra.com,Legal Advisory Certificate; Compliance Training; Risk Assessment; Legal Documentation; Client Counseling
